-5.972907678339109232e-03
-4.909797560950838330e-03
3.939750349470251024e-03
4.094089337752048960e-03
1.032521622284667331e-02
-2.029164659939163614e-03
-1.351608335779746475e-03
-4.665658029105922144e-03
-9.838755107878383033e-02
-6.977335708064774655e-02
-9.440302851396684949e-04
-9.220916691080205396e-02
-2.274685475060453099e-01
2.996992401061350335e-03
7.174635521589481368e-02
3.889295674455231500e-02
-4.795348188092776742e-02
-1.567318281824664787e-03
6.517614293965020428e-03
-2.158984735689200175e-03
-1.493603517639108813e-01
-2.736545552457522387e-03
-1.290099620544195302e-01
-1.367383372669238317e-01
-1.685922375431855857e-01
-6.796987588233889543e-02
-1.533509254277125866e-01
-1.157088208467495771e-01
-6.056051782425669883e-02
-7.780912558463368156e-02
5.858687689025643408e-02
-1.526422709288455248e-01
-1.220325746642264425e-01
-7.430130492975825160e-03
-1.154409149570864851e-01
-9.090602281043240473e-03
8.374132292503774777e-02
1.830554129880145736e-02
3.404142009164971561e-01
-1.875731833457564279e-01
-1.141741433588846222e-01
9.985755035963395088e-02
1.421885855512256547e-01
1.512635909224405717e-01
9.888743309849934437e-02
1.485110952541601748e-02
-3.795447524263968059e-02
-7.821017361562411507e-02
-6.758148965720977425e-03
-2.791390072334695022e-02
-1.247936235306683628e-01
-1.199801616218467044e-02
-8.885589263780679925e-02
-1.918900566033573257e-02
-9.718936329440897026e-02
-9.418672439340257385e-02
-6.990054486377550447e-02
-5.497453184410761723e-02
-8.301715069141103742e-02
-7.844169304526313335e-02
-1.272110745219141026e-01
-9.616432724232724938e-02
4.141581164487267985e-01
-2.334231684036294427e-02
2.596722042671078569e-04
-8.847794875982566837e-03
-3.346200679337825445e-02
-5.180363934389567437e-02
-1.354774570172715409e-01
2.432123746930618946e-01
-3.017683222642321764e-02
-4.648286003190232191e-02
-5.856662825808233580e-02
-3.292655538936473808e-02
-5.287334395850838697e-02
-1.816938262161741369e-01
-1.284789229273770872e-02
-9.554392223491683586e-03
-1.343862369486246988e-02
1.661100251001876305e-01
-6.202412192159616894e-02
5.289248611088606666e-03
5.503437518478684898e-02
7.934978350728850716e-01
-5.954267967103502729e-02
-2.648918521326635439e-02
-5.820309728003528887e-02
3.566126694843892164e-02
6.878137679560820256e-03
-5.872800309495455201e-02
-9.290901578878257849e-02
-4.198935809070977743e-02
-6.027052587969671839e-03
-2.743940068820819797e-02
-1.256632702319441519e-01
2.545518079579637410e-02
2.672458787604987257e-02
2.731723647166032706e-02
2.785362541580522003e-02
2.893366359217711820e-02
-5.834032937820698983e-02
3.509994788018916401e-01
1.574175694979163542e-01
-1.477717801937074305e-02
-9.949264158809884712e-03
5.298293405834019615e-02
-1.325173439764246175e-02
-8.835980069127977177e-02
-2.661388229092490759e-02
4.279529391105946212e-02
-1.766125356930402582e-02
-6.593252256738452166e-02
-6.909207229477981604e-02
6.238340379710982653e-02
-8.167078617591568002e-02
3.042149625017018799e-01
-4.239996664543430743e-02
4.430421930058150437e-01
4.440190852189367376e-01
-5.770933952175780896e-02
-5.119095067253468662e-02
-5.903641685490922109e-03
-3.457599868591975517e-02
-1.865460003934355307e-02
-4.135777050136436872e-02
-5.348668270837894645e-03
-5.189282228038961768e-03
-5.040290485584209348e-03
-2.032080059079573522e-02
-3.413430689059464979e-02
-4.656033640298910120e-02
-2.083599808792426997e-02
-4.133949905024061379e-03
-3.959610597730570461e-03
-1.278396542468936831e-02
-3.631188788975453149e-03
-3.462686326512245168e-03
-2.657638457523655781e-02
1.298159201797638995e-01
4.994895222042254890e-01
1.138412976189819709e-02
-3.230796683927775886e-02
1.386162742814452294e-02
3.750870542267573660e-01
-4.442042341502400182e-02
-8.691166931062879741e-03
-7.524796701429393997e-02
-7.970235270791506399e-02
2.487657521949175610e-03
-5.608991093046055559e-02
-6.196017036008455436e-02
-6.159163406674901531e-02
2.781874555938694104e-03
3.781307943036301203e-03
-6.147555142191532540e-02
1.651701632666259002e-03
3.209434862928012971e-02
-2.078001236076243430e-01
-3.502489565428189289e-02
-5.106665597576840604e-02
-5.939376180653179599e-02
-3.960693500042918036e-03
-9.297608820674346797e-03
-2.250426927199120075e-01
-2.229710236362985043e-01
3.513942723455590889e-01
1.094014997163584267e-02
5.700077430219076952e-03
-4.086129664252604286e-03
4.383138660580901576e-03
2.466327194664572151e-03
4.233088237324914016e-02
5.096275505477044490e-04
-8.014026378729976682e-03
-1.151487328023288303e-03
3.653706947936689875e-02
-7.146442908460146071e-02
-7.662716930923582637e-02
2.427444650645134514e-03
-2.607394092096686905e-03
-6.460907290269284065e-02
5.352021070873591926e-03
5.081937578760169043e-03
-3.098141279328303632e-02
-6.469052695029348099e-02
1.520426310652889246e-02
-6.163470146610733336e-02
3.517933491445017491e-02
1.445438369520394770e-02
6.493126302434582692e-03
-5.271567963092471665e-03
2.110070430081358306e-01
-8.612108371270610352e-02
-3.866603366423783383e-02
1.485929699371269820e-02
-2.844023267969410934e-02
-8.448113879926859304e-02
-1.077989229235314442e-02
-1.765764320528414102e-02
-5.274984417424560118e-03
-3.098395187246302980e-03
1.210693178327186814e-01
4.808621242806887519e-02
-3.594632124570823484e-02
-4.945102993244313017e-02
8.829080230317543077e-02
-2.398011860129001943e-02
-4.177416258374245378e-02
-2.855537382600734087e-01
-2.820355947583062517e-01
2.715131276311407924e-02
1.109189377639690707e-02
-2.251480985351285088e-02
-1.429904890762903960e-02
-4.197906168330107352e-02
-7.489047731198976432e-02
5.748947667480516777e-02
3.811090312482824823e-03
-6.097099670489116580e-02
-7.142797202880886778e-03
2.771613049079619737e-02
-3.209118219280069489e-02
-3.928801798012791779e-02
-2.970701130781382496e-02
-1.044703765124591240e-02
-9.379531774077114019e-04
-3.396905168078312443e-02
9.053304749293167308e-03
-1.584361711588432864e-01
-1.274847594541052564e-01
-6.313598056006966552e-02
-4.644368564099103647e-02
-2.547116280239777875e-03
1.614174336008273314e-01
-1.048695706233231800e-01
1.098189851160265018e-01
-4.007429740346094005e-02
1.599850763702165279e-01
-1.000025896989613534e-02
-1.833080985149422278e-03
-3.280537352780690807e-02
-6.932145708206961798e-02
1.517257730881105791e-02
-1.145592964197699598e-01
-1.936442257389823715e-02
-1.897447088647268715e-02
-6.484077316889200193e-02
-1.162052359447272171e-01
-6.685136553418598304e-02
-4.082964281948459062e-02
-4.273647912256023536e-03
-1.125297614743289848e-01
-1.592209125043515527e-01
-1.192170214390478322e-01
-5.833406936057466095e-03
8.350065428807201817e-03
-1.147491328001510463e-01
-1.068624101647031865e-01
-3.819617833988463856e-02
-4.129946998917389395e-02
-1.379067039005565376e-01
-1.164024372096316984e-01
-1.132923005969468239e-01
-1.203652538214183831e-01
2.029814642695425622e-02
-7.664741980349229489e-02
1.016730879661878750e-01
-8.419125709407568325e-02
5.412996328106503552e-02
-1.455934852423526049e-01
-1.086944921641070511e-01
-1.153510865712545214e-01
6.042654918078825821e-01
-2.113457736546586752e-01
4.137532733944246921e-01
1.463497298817396652e-01
1.916755505020614758e-02
-5.851798243247097187e-02
-3.710720058130265869e-02
-1.020310533567572384e-02
1.085828463854594111e-02
2.500210621531038721e-02
-3.348222245291625210e-03
1.040904394622482092e-03
3.512258314710842329e-03
4.252371663462398317e-03
4.131578091781939154e-03
3.791842281867803966e-03
4.288819030166946336e-03
3.208716192675141812e-03
3.553898952792373857e-03
6.763130864119559771e-03
-2.414911161735224659e-03
-2.305647838213504598e-04
1.030831954403745379e-02
2.575771961396505945e-03
8.595218955075464851e-03
3.447710776661954898e-03
9.410735448125460284e-03
2.649442598656903680e-03
5.418055294103395203e-02
1.509831328478690752e-03
4.432910172351488959e-03
5.383722614057551842e-03
1.595513134968943583e-03
1.342006529435176287e-01
4.597262537563448145e-03
3.584643209071191119e-03
2.557480952412832104e-02
4.582156416140577282e-03
3.554364837459660174e-03
2.059654138554821434e-03
3.268913682095286963e-03
4.435248339736223670e-03
1.474773313128852625e-01
4.770365775970120126e-03
-8.958110156099046914e-04
4.695502414925407236e-03
1.345812668598293099e-03
5.309370470232122052e-01
4.825958416039343585e-03
-2.362997538653212239e-03
-7.162542483126524417e-02
3.007935648210541442e-03
1.446848262621135417e-01
4.547636209148566387e-03
3.205474294805698611e-05
-8.292138083190098152e-03
4.844536166359878979e-03
-7.659470742738364035e-02
4.056971017717573291e-01
4.950723266909154256e-03
1.274974283139541171e-04
5.290949993673993434e-02
4.059534570130259902e-03
3.349324658463834984e-03
-3.761803402956914039e-02
5.090843920046518416e-03
3.080209593684436666e-03
-1.023690170730745946e-01
1.927174394624797116e-01
5.178103341507614595e-03
-9.011844253940923168e-05
-1.114106690512161324e-01
-7.734392093250577749e-02
5.384894091189666374e-03
8.863263995634866783e-04
-1.300849145245601413e-01
5.048232703376057118e-02
5.364757582068236004e-03
5.029092021473694982e-03
7.922308355241472477e-02
-2.204877167640960645e-01
5.500152895472966083e-03
1.672572767720594770e-03
-1.147997787056867641e-01
-1.704595248293226950e-01
-3.244176681625628167e-02
5.498078707821325850e-03
1.419760595889448841e-03
-1.345698306248261505e-02
-2.229748262519479773e-01
6.493052065382792955e-03
5.782910695727008603e-03
5.057182514483429259e-01
-2.173545620085058638e-01
-9.751222525583172485e-02
5.811089187027729426e-03
-1.228086429501154264e-01
-1.406026810805787730e-01
-6.752393438118423075e-02
7.445919474658876068e-03
1.228995565070745708e-03
7.019360156228777736e-01
-2.233584021933952835e-01
5.722126656932160702e-03
2.002683503854608103e-03
4.647688954630458946e-01
-1.898132714555681444e-01
-1.148623931913485413e-01
1.100536810890725102e-02
-6.030031967300196472e-02
1.700877808336037078e-01
-2.195396672212813760e-01
-5.484087538042452074e-03
1.569975421779367655e-03
4.389554117917254805e-01
-2.046635319059538216e-01
-5.938059213640792949e-02
1.134480598043436685e-02
6.682466981002909735e-03
7.306398557285754825e-01
-2.124059031197278180e-01
-2.159577170891225639e-01
-1.772581769403343832e-01
3.413809036348893367e-03
1.682824804109134820e-01
-5.560328015996310325e-02
-1.181287065808035164e-01
-9.667227121031485293e-02
9.887773734152630056e-03
-7.436276732012993274e-02
7.627090334992837617e-01
-2.284753044220711460e-01
-1.878974258329694502e-01
-1.280824956953965088e-01
4.092809453083426884e-03
-7.871182384316131875e-02
5.858245464237381572e-01
-3.787255883659365607e-02
-2.038503940571757822e-01
1.808964704250149574e-02
5.191826691669542901e-03
-7.384133122320345188e-02
6.286640233486195939e-02
-3.767997500719215409e-02
-1.368604180941533632e-02
2.028351717630119677e-02
6.375235001989329638e-03
-7.324864316345917892e-02
2.656118870514265762e-01
-1.277051045349355263e-01
-1.101710731903039892e-01
-1.192079440837286453e-01
6.266436657875605783e-03
-1.296505866973656218e-01
1.552487405080120730e-01
-1.112706847287214806e-01
-3.010494109764973170e-02
2.856949906874668016e-02
6.632407213947603443e-03
-1.049858048829703933e-01
-3.148023155666815343e-02
-1.033163842433053488e-02
-2.268487972925753438e-01
2.183845473722168060e-03
4.116682257173792658e-02
-8.744165363311080796e-02
3.725254442243666197e-01
-2.239736120675302755e-01
-3.400951158281361186e-01
1.185153810077882366e-03
7.884486675748182032e-04
-4.528712106938433124e-02
-3.188645616177576692e-02
-6.730453283922015195e-02
5.862609536897026019e-02
7.210933400571059061e-03
-9.880415258337148232e-02
5.688533718369349623e-01
-2.631347348879192055e-02
-1.756095316907171633e-01
4.985943990204850032e-03
4.831069054821188202e-02
-6.481029941737832811e-02
7.564035571418157300e-01
-1.964488136183044076e-01
-1.291957047825510740e-01
7.341107792415897150e-03
4.730215351796168005e-02
-7.481421530902242212e-02
6.546897126437362102e-01
-3.127545816292408298e-02
-6.748342990065700486e-02
2.229954026439482373e-01
9.506636637890215208e-03
-1.497480076301804519e-01
3.773357058300074174e-01
-2.193876745328858166e-02
-8.381652894990133940e-02
-2.047161138858667462e-01
6.402749607542538093e-03
-4.262046715865984675e-04
-8.935934975403735103e-02
-4.165318727560737844e-02
-1.517819467671752409e-01
1.250425883934184190e-01
5.306211626363340449e-03
3.238153406933840656e-02
-9.204801858198105591e-02
5.607938869723569919e-01
-9.872732001954194481e-02
-8.449840540994608962e-02
3.756938184346895193e-01
4.407851383244489919e-03
-6.298650760213448871e-04
-1.052753512213745468e-01
-7.564274546608847072e-02
-1.968148541615696023e-01
-1.349508624809589996e-01
1.637676113995562011e-01
1.755022968781401113e-02
-9.354830867968011660e-04
-1.649567874217720831e-02
2.071017312826847756e-01
-9.562145527226614816e-02
-7.259538476546087589e-03
-1.744746022666759933e-02
7.203075138354018969e-03
-1.259533656473610028e-03
-1.173895934750896070e-01
-1.676762605088471525e-01
-1.358319721353663245e-01
-6.206126006726610245e-02
-7.599172586920982519e-02
5.669907240627585221e-01
2.465345768185185291e-02
-5.999925994224774260e-03
2.881337487725685875e-01
-1.993635719301239395e-01
-1.559067869447378352e-01
-7.456750427361111266e-02
-9.753964219100877409e-02
5.015022196806556698e-02
1.730827737825367529e-02
-5.004970306387585520e-03
5.685537715640703871e-03
-2.113196076678955371e-02
-1.460583655118449231e-01
9.847493562727994976e-03
-1.408495446033684317e-01
-1.856856768994490925e-01
-2.196818050599366051e-02
-4.700147480533852298e-03
5.377200470900750373e-02
-4.860510939724087959e-02
-1.432646564536014522e-01
5.420820289567428868e-02
-1.695656839499886659e-01
1.731043985230606985e-02
2.073383298868524890e-02
-1.324721692009533762e-02
6.723091912370402490e-01
-2.245106212123068878e-01
-1.495810796588973035e-01
-1.052671829670550896e-01
-7.042690001927684462e-02
1.006129192135742922e-01
9.986491006947522536e-03
-2.470022711913472668e-01
4.815499340164727249e-01
-1.446929103638087410e-01
-1.343914890805802953e-01
-1.525967576440839524e-01
-6.191544941298288834e-02
-1.196536893326378970e-01
1.781247030555133115e-01
1.674138621936767726e-02
-5.022200106484197429e-02
3.877012296273516997e-04
-3.223134641785774246e-02
-6.287020129290923909e-02
-1.506721529121728964e-01
-4.590039695239944706e-02
-1.696488573658904431e-01
8.838265434445743973e-02
-4.043469795046014323e-04
-1.124097154055679476e-01
1.644189848009037017e-03
-1.980915821618472461e-01
-1.139526449464144386e-01
-1.482069550649046108e-01
-5.507625623914919055e-02
-1.058141255440778750e-01
6.009315420632946325e-02
1.149420528549123348e-02
-2.786935745380214602e-01
5.412433614153497885e-01
-2.311985430277817832e-01
-4.606703728282591365e-02
-1.398786707668271678e-01
-5.421198717976541404e-02
-2.241023552449269984e-02
-1.311894619082422941e-01
-1.119804059590260442e-02
7.870323031718546442e-03
-4.289087296064482413e-02
-9.925616358002448125e-02
1.682195876339019902e-01
3.346161132569988039e-01
1.525989661346133230e-02
-2.338146366942006615e-01
8.045587303334239548e-03
3.363411384911139945e-02
-1.069887285509562025e-01
-4.709463848578528122e-02
1.971938837453634519e-01
3.887557887531127854e-01
-4.169701767071649218e-02
-6.301856619442737506e-02
-6.890516794270493128e-02
1.603062660130250699e-02
1.007836659686496272e-01
3.778948029193848757e-01
3.652038569313169614e-01
-5.334001521638011972e-02
-2.091038544457651527e-01
6.356960427040815945e-03
-2.176731251087134569e-02
2.556907121009797668e-01
-6.709330205606320319e-02
-2.082217304777433942e-02
-9.859083081423580808e-03
-9.148137675271524050e-02
-1.010696522638991277e-02
-3.928843368109784240e-02
7.208138930263238708e-02
-5.473267274924884657e-02
-9.967590011961732777e-02
-1.622969033437191011e-01
-1.761676416594372685e-01
-1.268350842813920076e-02
5.287279422641427695e-03
-4.604844263588100950e-02
3.893793001268922027e-03
6.702665609718516659e-01
8.394828233840482268e-01
6.362937737153617768e-02
-2.289451879342823959e-01
-6.828859000553529068e-02
-1.691694422729584091e-01
2.904259212460794104e-01
6.906124654004401897e-01
8.677427820963974359e-01
1.535924127273274875e-01
2.625508622380424290e-02
-5.357477790020206965e-02
1.182427491235834849e-01
4.093804787429553005e-01
7.153108955768237021e-01
2.781683010193965466e-01
-2.972695395044930647e-02
-2.131837218768993791e-01
-8.955803684271783360e-03
2.575331186645579695e-02
-1.097007477808988052e-01
7.385689383016530440e-02
-9.542876115771498080e-02
6.169747238783267473e-01
4.997739990239536967e-01
1.436641334085228192e-02
-1.847868582756273048e-03
1.138208975049029986e-02
-2.224748226901848980e-01
-3.388204252214727097e-02
-9.451903220296264951e-02
3.431865672414558532e-01
-2.091084450621598090e-01
4.989704633984141102e-01
2.889609081035089243e-03
3.615026429834644617e-02
-3.494201548721076467e-02
-9.078713927964543462e-02
-2.109708646085185074e-02
3.057765063177517173e-01
-6.830732989158899704e-02
3.105452914699738387e-01
-3.730817451621937231e-02
-2.258154573552202671e-01
4.298831937017346880e-03
3.310231717703528836e-02
3.013910710877232280e-02
-1.963918787808496269e-01
-4.303853325012536174e-02
3.888595182706821030e-01
-9.898725070549933835e-02
1.626274757308824870e-01
2.740400776495620638e-01
-9.231840346552025456e-02
-1.705610464762526840e-02
3.946192548904367547e-02
-4.325662510064631761e-02
-6.981360361978165840e-02
8.460545566683352892e-02
1.138890109578458432e-01
-5.963594153878026133e-02
9.882568986398965194e-02
-6.795026009386179178e-02
5.828470242849691507e-01
-1.923316776968930775e-01
2.527604570896717709e-02
2.723903986599606961e-02
6.883681547257528011e-02
-6.303787300135706151e-02
-5.865746362337306841e-02
1.507082958360655978e-02
-7.531225484443979101e-02
-7.770408632939165838e-02
-6.394845540053353816e-02
5.997768359149411310e-01
-1.865594086859886924e-01
-3.035521730984324165e-02
2.031258235105639492e-02
1.017010556080262251e-01
-4.429762544793153234e-02
-6.951084764851830911e-02
-4.458960595792486881e-02
-7.076367825800421174e-02
-4.862281145711554176e-02
-5.347312744186992484e-02
1.855791204493437152e-01
-4.784639075309684436e-02
3.475471463571766506e-02
4.032996047870818918e-02
-7.750383481522366003e-02
-7.866583989795872256e-02
-7.899913861400978399e-02
-2.984474373272404113e-02
-7.540851260046384230e-02
-6.456514807466987027e-02
-4.528290887708646961e-02
-1.543996372403229622e-01
-2.634603157311240368e-02
3.528232338456552264e-02
1.365978609752409589e-01
2.359203384072026122e-01
-5.203348162114303233e-02
-4.395449319543249384e-02
-9.851152569632269651e-02
-6.553936621907888171e-02
-7.141991226400593029e-03
-1.421967348550293997e-01
-3.111134948761790694e-03
2.966514046466415741e-02
5.111798635113173894e-02
3.061529700240226415e-01
-6.333527088242853209e-02
-4.546774327854042480e-02
-9.648637727129998065e-02
-6.759576400177466637e-02
-4.829362160129122006e-02
-1.877461319957440811e-01
-7.105206443791026172e-02
2.006771002034045057e-02
-6.848774818955000350e-03
8.286172046402166900e-04
-6.075351345406396902e-02
-9.458930149447072888e-02
-9.958369207525935574e-02
-6.925226450498686570e-02
2.651953057198007391e-02
-1.235635085869841998e-01
-6.019689966025274647e-02
1.380313749466801146e-02
-7.138109003874642047e-03
7.317814004602984923e-02
-1.024958407962589524e-02
-4.539269657109525069e-02
-6.572539428114840265e-02
-9.965526604521671161e-02
-6.080879097814985423e-02
-4.418334917682542606e-02
-2.317217589291130642e-01
-6.723799044984828110e-02
6.697038584071510550e-03
1.854113337172280315e-02
1.861709272146614899e-02
6.870728742839875558e-01
-3.940319269933878488e-02
-9.586001412406859601e-02
-7.677917002621532927e-02
8.573267807564680099e-02
-3.118413430349881166e-02
-2.342284032876931210e-01
-1.192813487262164990e-01
1.556903507864445917e-03
1.306518029650289084e-02
1.394958332547822401e-02
7.534556139108803396e-01
-2.752782291940861215e-02
-6.583781468525282121e-02
-7.054160382294055731e-02
1.603953625765050517e-01
-6.566835383805343096e-02
-1.563200247528982179e-01
-2.591040494979122699e-01
6.737078617344228332e-03
7.077983744375761915e-03
1.713218026165707134e-02
-6.654626446449392503e-03
-4.051807649123106980e-03
-5.266247953049039282e-02
-1.006647632189074520e-01
1.021561573944004819e-01
6.230318908817589207e-03
-5.392719148631723580e-02
-1.061588991881729088e-01
-6.997364826831312112e-02
1.133517715439350459e-03
1.011721652655631293e-03
-8.585998282276019467e-03
6.317660570593515157e-01
-9.421483857009925467e-02
-8.756754619362469572e-02
-6.882839675580160188e-02
8.386788409971589475e-01
-6.553659734103629841e-02
-1.678877743258637700e-01
-1.658285531366896493e-01
-9.453158595782168092e-03
5.217226683739660531e-03
-6.357995105641094796e-04
1.924268441653384856e-02
-2.124869474380821494e-02
-8.472106977079760237e-02
-8.536928468335147624e-02
-7.135671390262443570e-02
5.650283015261323705e-01
-6.834356312106538989e-02
-2.497077380481237674e-01
-1.558485182882067832e-01
-1.436053988972881522e-02
-2.952697753475785458e-03
-1.992423637606727943e-03
7.382890527137553338e-01
-3.632386449165697639e-02
-9.799065082343974553e-02
-9.600044973865207165e-02
-6.601406675157062143e-02
7.928221146022840227e-01
-1.017863488300466412e-01
-1.940137596509106388e-01
-6.224878219554092450e-03
-1.400778176449022673e-02
3.488414871674629623e-04
-5.753458301237335346e-04
3.272619315305251575e-04
-7.738866293059687429e-02
-9.485457640683277181e-02
-6.731932101668386403e-02
5.880521875817890098e-01
-6.572527095788142926e-02
4.471647346596024919e-03
-1.265736653618538821e-01
-2.657016708202268596e-02
-4.025917689660428542e-04
-6.536823951787063859e-03
9.371194118829342945e-02
-7.456560569757807178e-02
-8.994097498024106185e-02
-7.123423376281186326e-02
1.055787387552113710e-01
9.864437460964353699e-02
-2.565888649943718347e-01
1.116138370461681462e-01
-1.579698249595741164e-02
-6.339256806241047593e-03
-1.197610991516926500e-03
6.050740115423244858e-02
-7.450707554506726116e-02
-8.368074869043329311e-02
-7.656868864741343816e-02
-6.202895014246526811e-02
6.073954898302993399e-01
-1.715178795395327360e-01
2.227074529892066890e-01
-1.387445788230772664e-02
-2.824186393308642830e-03
-5.427699873673884345e-03
-9.183600787602441695e-03
-6.556610048249583711e-02
-3.387542269857130028e-03
-7.483759300679852788e-02
-6.157308821572053670e-02
2.344928177682445991e-01
-2.142908177258010527e-01
-2.327912119433608873e-02
3.040798377360043325e-06
-9.592475910171462117e-03
9.154489988059372196e-03
-6.955318634108983988e-02
-4.980317817865491381e-02
-7.709286540028205403e-02
-6.199267994323785086e-02
-8.581231614487871973e-04
-1.779827069236939174e-01
-2.665361833024433580e-02
3.193310548565954365e-02
-1.154730251619551229e-02
4.508735684579903008e-03
-6.407182521624335547e-02
6.221923794227438020e-02
-7.653171963060510785e-02
-6.145939833819409615e-02
-1.795403627744666941e-01
9.911064033531458151e-02
-1.466016001661268886e-03
3.686056990668262756e-04
-1.687142199311664897e-02
-2.119245875064845047e-02
-8.806123647059647952e-02
1.598110615734347761e-01
-6.918730229218933436e-02
-6.040293758305956273e-02
-1.358312845193923868e-01
3.934678526747251714e-01
3.978598436031925978e-01
6.587346693545314495e-04
-2.223137389147645734e-02
-5.614603710747728682e-02
3.296629462281567280e-01
4.194416214850404945e-02
-6.398978642316487109e-02
-6.809377709655367594e-03
-1.318435602536013884e-01
3.357319537035009516e-01
3.417092471419259647e-01
1.155132582080637717e-03
-1.442337828169472022e-02
-2.316250862441749520e-02
-9.158993572437884589e-02
-4.822768686364763829e-02
-6.303886823335115575e-02
-2.804716936964550544e-02
-1.552686999319080607e-01
3.143072792309167252e-01
5.090860896383631040e-02
5.390435964527976430e-04
5.787109507112194601e-03
-2.285952051212030572e-02
-4.819066833618517592e-02
-4.886911740260409948e-02
-6.108837396468924652e-02
-4.984399156962979194e-02
3.528172339966090254e-02
5.134437577864978119e-02
-2.306746961663230788e-02
2.032233759065336237e-03
-1.244063721819585813e-02
-2.230061862051328087e-02
-3.625953657723279822e-02
8.864928443945735426e-03
-6.025248133271282613e-02
-5.344771102876703234e-02
-1.309251424474088266e-01
3.922020212955922291e-01
2.911435485532481993e-02
2.580630394911046510e-01
-2.884388251362168809e-02
2.399401334876510167e-02
-8.652831830274737568e-02
-1.144889647274396627e-01
-6.516762690945748782e-02
-5.861915200810562110e-02
-4.330128771338251359e-02
-7.586807284020546938e-02
1.837564352889251018e-02
1.229236448169112039e-01
3.835212802089316142e-03
-4.078582318419297914e-02
2.043545686185514049e-02
-3.965566075083765130e-02
3.465463128624416966e-01
-5.914011770613643304e-02
-6.224722073156473134e-02
3.836461194427168708e-01
-3.191737791225610771e-02
2.004025251934336005e-01
-1.918439535120024589e-02
-7.382486324801484923e-05
-1.940677816636799530e-02
-9.445482307515828957e-02
1.991561231171117829e-01
-5.607487398090501424e-02
-5.841435045289579409e-02
-3.168548567997087062e-03
-2.533056778977581247e-02
9.766646136444367965e-02
-6.606641802295865062e-04
-3.089514747072676093e-03
-4.215488028134104642e-02
-8.556250249235874961e-02
-9.045526027279637837e-02
-5.698241903258391416e-02
-5.754427263196743025e-02
3.315389090744741418e-01
1.531683949900867203e-01
-1.993372119917868890e-01
-4.501683981469151163e-02
7.524121740787261328e-03
-5.025958040730103826e-02
-1.079013587044166944e-01
-1.033890481265132277e-01
-5.699595320964116058e-02
-5.788542917561776552e-02
2.862197587800678900e-01
1.143025491695282003e-01
-2.596280763197409414e-01
7.474442714575568747e-02
-5.116031574991143638e-02
-4.150384721257525250e-02
2.157702720561503751e-03
1.120830253604390703e-02
-6.185946494555822489e-02
-5.670479772735480956e-02
-6.142754683397388255e-02
1.553856360531282177e-01
-8.109165667584891657e-04
-1.251316121114781355e-01
4.082519443782883783e-01
-4.342710392192541957e-02
8.031489857356480244e-02
-7.015404715410038239e-02
-6.146089304639321127e-02
-5.617825505320415275e-02
-6.089145897574914368e-02
2.931544838515875995e-01
4.025338566184415157e-02
-1.050347311475174628e-01
3.876082724227769213e-03
-2.971001276472925307e-02
4.549932678595747237e-02
-1.196369443173460195e-01
-1.026964182716489649e-01
-5.628329264756570111e-02
-5.827224775670005602e-02
5.606084505445927402e-01
2.747777735879308736e-03
-7.594701252203117647e-02
1.866693233915210914e-01
-2.856986996605162185e-02
2.536485044693492785e-02
-1.489023448278590789e-01
-1.230771355453198768e-02
-5.536151531063673165e-02
-5.743184438273086362e-02
5.716000020905028789e-01
1.538825344024158728e-03
-1.375331798593834864e-01
8.061436105250072148e-02
4.837160019695863067e-02
4.048188997257118338e-02
-1.513307130906274833e-01
-1.503644481993270388e-01
-6.060441979831841103e-02
-5.427558870124418733e-02
-5.941938286736738600e-02
1.120988742421073492e-01
-9.562265492480938323e-02
-1.120482133635314070e-01
2.799933768633543901e-02
-6.145603359760443141e-03
3.327404402688730056e-02
1.805917464643013171e-01
-3.672284292708467845e-02
-6.137410978308803500e-02
-5.388045791934007595e-02
6.011243616352516250e-01
-3.908044876483794672e-03
-6.970116346849158928e-02
6.961454551541230995e-02
4.113513995882731727e-02
3.307358053129560993e-02
-1.491286749015791058e-02
-1.193241823752566599e-01
-4.794644194777673840e-02
-6.408685364382316063e-02
-5.349966768580336623e-02
-5.970027271893250248e-02
1.688427300172611334e-01
-2.591819190273090406e-02
-6.913644588546848102e-02
4.812032413144426424e-02
-2.458642972467460844e-02
-1.224894237987037005e-02
8.110113475378721848e-02
-1.269342251134644994e-01
-1.094031044088143306e-01
-5.387113772080993901e-02
-5.514646084952249533e-02
2.962457498483066498e-01
2.012743587305792017e-02
2.778216824897462855e-02
3.140265442207233054e-02
2.611834576861752494e-02
-6.119919919271521458e-03
-8.621272736331147234e-04
-1.533856570541496378e-01
-1.419018336931570090e-01
-6.334935649481812647e-02
-5.279932065887237708e-02
-5.690234241112045871e-02
1.308782651071378478e-01
-8.811880227448870562e-02
2.755039792711430277e-02
3.192551494265270795e-02
-1.437624483387746170e-02
2.730200950799455129e-03
4.147761481086135182e-01
2.120765165852287470e-01
-7.919638432297526620e-02
-5.786079381398994553e-02
-5.320359570085093220e-02
6.886355214092809707e-02
7.673389703746970499e-03
3.028588117799468210e-02
2.737706965020231253e-02
6.357844196266030853e-03
-8.523886246861395524e-04
8.300299722248197232e-02
-1.570365055177885827e-01
-1.229778570980058910e-01
-5.579662400491700730e-02
-5.246227426784805942e-02
-4.848428703503071535e-02
3.631168407878062471e-02
2.746714985365852901e-02
2.124405120865827112e-02
9.269990478181475840e-03
5.877488266679387063e-02
-2.763449277298751783e-02
-9.589645346904704382e-02
-5.992004763568271886e-02
-9.424518430046467665e-02
-5.317829992062218791e-02
-5.481700577017753484e-02
-1.493206007181282491e-01
-1.527497797841715632e-01
-1.115783792239234337e-02
-2.356093124977955144e-02
-2.014537569995858771e-02
8.167126476252659084e-02
-9.944880122494717534e-02
-1.529088469179452070e-01
-1.174895783443725000e-01
-6.059102204998029206e-02
-5.094385199388216240e-02
-8.195349832521173217e-02
2.585734356219178062e-02
3.215255853793219654e-02
1.604847249708753198e-02
-5.333580959653019468e-04
1.310533515568380186e-02
2.359616730562272280e-02
-7.663697268790355122e-02
-1.540509432891785657e-01
-9.817115171403316409e-02
-5.371928409373206981e-02
-5.179053114533955365e-02
-3.832669813184128582e-01
-4.636035046222976297e-02
-8.999081614554574685e-03
2.853718225424173652e-02
1.503245880177912384e-03
-5.181949072366962179e-03
1.487495900099239897e-02
-4.772377963586239141e-02
-1.089837189174812787e-01
-1.034277124623107502e-01
-5.066354342682236750e-02
-5.233474939208329624e-02
-2.986569613292197611e-01
-2.035567138787656646e-02
-1.969206174540901952e-02
9.139271924494788910e-03
-1.032158087545614542e-02
1.686110034044925252e-02
3.198667777375282378e-02
-2.487191548483896897e-02
-1.286652059885630972e-01
-7.524190352977051799e-02
-4.546010504882193326e-02
-5.392893451220601153e-02
4.266130770946183204e-02
2.826319655129928051e-03
-1.018782106699532043e-02
-1.522305868790512461e-02
-1.439238765093112278e-02
9.349439749832699764e-02
-5.552935403169624584e-02
-1.419305093021827890e-01
-1.358797263587665227e-01
-6.043110774949039810e-02
-4.920446684910836921e-02
-3.870698487159665024e-01
-2.933296369012252866e-02
2.551223532071142039e-02
2.352264892983855701e-02
-6.018929626232750671e-03
2.107646122228895233e-02
2.117731562649780713e-02
-3.542549868985809397e-02
-1.451851667910509236e-01
-6.292819926962016364e-02
-3.311928040797113004e-02
-2.282671963144631416e-02
-3.532694006891747007e-02
7.331943855543432594e-03
8.557016376865615725e-03
-5.665230616469180656e-03
2.103190642281395351e-02
2.159138558941312014e-02
-5.722029144442165177e-02
-1.410071174278426931e-01
-1.198325903082615579e-01
-2.333803308042845664e-02
-1.374561874869404399e-01
3.667756026021386923e-02
2.752520955586722218e-02
-7.853508356182915123e-03
-1.052948408199384615e-02
-3.874957839860095066e-02
2.135103705762491158e-02
-2.089558029837058212e-02
-1.321274648853696387e-01
-6.336458423751034630e-02
2.344383394497541462e-02
-7.782124007318350078e-02
-4.483318681221631907e-02
2.335952251204877553e-02
-3.396227973610962611e-03
2.238120356809222052e-03
3.002512902436849096e-02
2.398331579136242508e-02
-2.907376488930622088e-02
-1.218554767391305804e-01
-8.478484601302992141e-02
-4.838891710122509432e-02
-1.731272649202099390e-01
-3.192422489014716536e-02
-8.307228119712616390e-03
-9.942127881627840433e-03
-3.252928227468948608e-02
2.747329991125243079e-02
3.884164756866813426e-03
-1.179051276537478876e-01
-6.830051532903831657e-02
-3.184387733880802984e-02
-8.770281440413586760e-02
3.926091231934584341e-02
-1.068785841430583763e-02
-9.904270419077845083e-03
-1.164510825005004267e-02
1.401401059663809345e-02
1.549160338210937848e-02
-1.107084935755584670e-01
-6.796073066201872848e-02
-2.637442371174971226e-02
-7.918036790040437756e-02
-5.493674216899945700e-02
-1.280698215744850363e-02
-9.674492063664797206e-03
-6.960363289612651883e-02
1.791633279574277732e-02
9.987249071656453467e-03
-6.596700794079710106e-02
-7.686392453572188366e-02
-4.888709758535615679e-02
-8.678322947961406020e-02
4.209763204827178529e-02
-7.948745383743705331e-03
1.837706958592816645e-02
-1.050012662143553488e-01
-1.919791845758134219e-01
-3.465167448738787348e-02
-9.490675705509561688e-02
5.154243546741550386e-01
1.060337078532099485e-02
5.619191485146193821e-02
1.405971698149603884e-02
-1.262592351880962444e-02
2.069026419944557452e-02
7.647047750795554766e-02
-4.366661004173535629e-03
6.701742477044553281e-03
-8.530526253989381691e-02
2.560387842780495471e-01
-4.924155870265652102e-02
-9.471661752832746806e-02
5.501308057557965231e-04
-8.698662268707749862e-03
-4.473060029193898224e-03
1.297214475784051746e-02
4.847955677744015396e-02
1.168996734290368988e-01
-6.681636945448538034e-02
-4.082442409914734116e-02
3.380871118028121181e-02
-5.856031656162118820e-02
-9.294756862141817511e-03
1.829382278705263265e-02
1.173448170543534008e-02
-1.601025369343119231e-01
-4.634535453025778740e-02
-8.671287169075367340e-02
7.462526972806021730e-01
-1.021725942513707769e-01
-1.159487881277936477e-01
-9.739520976051961251e-03
-3.312342606967130006e-03
-6.326875256345140461e-03
3.948123489582895662e-02
-2.050220806976417454e-02
2.590124294392205928e-01
-6.805638987701895237e-02
6.963982586961073862e-01
4.987710541362282840e-02
-8.102858213041930213e-02
-1.118794077255205223e-02
-6.878498264206312461e-03
5.631144431712101217e-02
9.766913580761815705e-04
5.718816720243505292e-03
-8.336718350586640180e-02
8.055618527889640834e-02
9.514226362113939461e-02
5.861109468139081430e-02
5.598331002213219852e-03
1.199784900613715816e-02
3.450797243372787874e-03
-4.495034742559909577e-03
2.951306635707538067e-02
3.825612217155811151e-02
2.905452161159378099e-01
-3.886230931969265889e-02
9.046033062370782973e-01
1.638597195324161329e-02
-5.810629385828783994e-02
-1.353762740138459916e-02
6.322457304079638282e-03
-4.429534803222653916e-03
8.503422444546618331e-02
-1.506852741870497690e-02
6.452045940540235280e-01
-7.937094862301682929e-02
3.154084592373611051e-01
6.302927277447081811e-02
-1.747844985799973383e-01
8.953418260250886607e-02
-2.347973777022836078e-02
4.603889344348147984e-03
-2.405560779511194038e-03
2.461610521257004067e-02
-5.194955389170475418e-02
6.959628639735738753e-01
-8.524463072125598728e-02
-6.383915035820028616e-02
3.680086840783936553e-01
2.180754538481266547e-02
-9.448988425949711445e-02
-5.005713638033629578e-03
9.748247488958335441e-03
-8.670256213792863070e-03
-1.277941371656688731e-02
4.952154334380792777e-02
-3.483662709540271546e-02
7.027437167560207643e-01
-8.647195976064986356e-02
-4.975947094801495829e-02
6.539269654006132360e-01
-2.052282305648907845e-01
-5.408206908901563165e-02
1.762124616728801829e-01
-1.399678708961782370e-02
6.499998022582506065e-03
1.306717506521048837e-02
-1.870974325814129223e-03
-3.826569636908080246e-02
1.511884379698161252e-02
4.467137060421673134e-01
-7.146593243773860515e-02
1.670157618001818778e-01
-2.130284731670015752e-01
6.191164670661082961e-03
2.399850906872519340e-02
1.387759229222544632e-02
-6.521038709668484402e-03
3.586059367891071721e-03
5.881983471308216416e-02
-1.148720027185971132e-02
6.292302756239949169e-01
-7.959819076030416607e-02
-4.025498514721013998e-02
7.557008258442478310e-02
3.605680334515676266e-02
1.738851701050174725e-01
2.327346753069925445e-02
-7.090469040816263849e-03
6.031147175992530168e-03
5.552669400601149829e-02
-2.175462660005283641e-02
7.607836359664679748e-02
-8.669331526320425696e-02
-4.908685933618539554e-02
7.707697043737304909e-02
3.853347718124481430e-02
3.865093718072698525e-02
7.476722776197501641e-02
4.094394495799624778e-02
8.459699595471084979e-03
7.753746819363949465e-04
4.269148463277099362e-03
1.236362456416914002e-01
-7.140489085664959712e-02
-3.838487276551130062e-02
-1.262914461979064984e-01
4.169367949156741610e-02
3.207942195931212659e-02
5.779617031495019874e-02
4.666865105128746583e-02
8.086994089592205309e-03
1.230962871269962802e-02
-2.658390027542717297e-03
1.533450457227672481e-01
-6.108382190617850371e-02
-1.898140503288501049e-02
-3.970236864677775812e-02
-1.373405695726511722e-01
-1.651462880696046021e-02
5.971774285092733281e-03
2.367015270239168634e-02
-8.320742479534810193e-03
-1.857422903637721140e-02
1.433626334444271753e-02
-3.969262852307760270e-02
-5.791574512144617021e-02
-3.313388258407934384e-03
-3.214102842677511729e-02
-1.110802767774508593e-01
-1.220066278087083775e-02
-6.023395903966258583e-03
3.311765406301796395e-03
3.634407790763380386e-02
-2.028925346950210748e-03
-1.153033995894975176e-02
-1.085039097479144898e-01
-5.946644700242662701e-02
-2.769796411209881140e-02
-3.674249150105950851e-02
-1.025872445145015188e-01
-1.572198030177800535e-02
2.876754418349826165e-03
3.203130557614268341e-03
-1.498935238857074248e-02
1.384837814239487166e-02
-6.861903277799677459e-02
-9.928146221431127794e-02
-5.283810650041677326e-02
6.957724089227451669e-02
-1.097830243096593363e-02
-1.619982709775788857e-02
1.765999137032588269e-03
1.580422739953760147e-02
-1.236017461424133990e-03
5.962240895849649919e-02
-7.810879465351489720e-03
-1.179528902327868500e-01
-5.860506266631833328e-02
-4.284967215572864363e-02
-4.327649236370429559e-02
-5.054084654421234224e-02
-1.452228189802914904e-02
-4.662495863380870386e-04
-1.100348130781466684e-02
7.832696147597018044e-02
1.577544936158265312e-02
-9.984765041875587332e-02
-1.190818530594423413e-01
-6.041533854487413091e-02
-4.208950985523253474e-02
-4.470496562952222530e-02
-3.856627973741193899e-02
1.143238687415798205e-01
2.116534186415680412e-03
-1.104820279497931677e-02
-1.961394035752297427e-01
-3.087264600325546372e-03
-9.883550801900217730e-02
-8.421539605169736653e-02
-4.866165883342445792e-02
-4.213889394749751466e-02
-4.493427027141084357e-02
-1.068625224177098820e-01
1.833953964020143199e-02
7.892417020270773003e-04
-1.141291146423096051e-02
5.582954184732549785e-02
-3.624849951463587905e-02
-1.025617450972566708e-01
-1.235236481319573615e-01
-5.004966981721125502e-02
-4.309424372374647677e-02
-6.756946614239905946e-02
-5.928755574066555539e-02
-1.126728128878193118e-02
3.136394253193387077e-03
1.224521434286372388e-03
-3.446980253047932097e-03
-7.637197330822320662e-02
1.455540093680440447e-02
-1.168075236843901382e-01
-5.303743731768554431e-02
-4.413195272084255438e-02
-5.896190866614541698e-02
-1.645148908183860850e-02
-1.496758508794343578e-02
2.244536126751066341e-03
1.772944795690825637e-02
-1.177826950017529239e-01
-1.145099393851952974e-01
6.332141321088024556e-03
-9.803274939938137755e-02
-1.242724688665224897e-01
-4.462681683462767224e-02
-1.002265850205574099e-01
-3.783179078561960812e-02
-4.487933723171305678e-02
-1.628759892728987762e-03
5.425323669223575986e-03
-1.655442281533294271e-02
-1.154141609683914486e-02
-1.222971530088447223e-01
-3.797569591793044028e-03
-9.598291179464527034e-02
-1.024499320999241181e-01
-4.286560447986366429e-02
3.287750442676225238e-02
-4.006485239206567656e-02
-3.332137685625616297e-02
-1.307986069346387184e-02
4.010258439696365307e-03
-1.063189263134244611e-01
-1.329785420785645211e-01
2.036596965163361972e-02
2.309620255944577066e-02
3.471138851578321749e-02
-1.144620607083098179e-01
-1.178695797418484320e-01
-4.276885505495861550e-02
1.496282790565243992e-02
1.574956096756190051e-03
-6.978444927879506876e-02
-1.763907115474134396e-02
-9.384434442013002420e-02
-6.897077742752974472e-02
3.018673883708822281e-02
2.117631739948678399e-02
-4.770299712327542851e-03
-1.151375769938608046e-01
-1.151398242288117352e-01
-4.201367559856452466e-02
-4.018723380888736957e-02
-4.740956580923409019e-02
7.437920685314233955e-03
-1.862939527147514313e-03
-2.389722582753148195e-02
2.403009632343277441e-02
2.083484214455935124e-01
-4.614166461373217683e-03
-1.133453894858362648e-01
-9.930276620351900785e-02
-4.106801145175643236e-02
-3.133390565790288712e-02
-4.706357451148365789e-02
-1.137341504735053799e-02
-1.082793047085034849e-01
2.232505050877742897e-02
-2.099461072980302045e-02
1.645354216716128290e-02
-1.225218066955502481e-03
-8.663887589440924519e-02
-4.085202921915923741e-02
-3.989517033295198606e-02
-1.274629472987025801e-02
-5.918601411304548043e-04
-5.108968758865384957e-02
-1.439538769721898925e-01
9.296009134988979239e-03
1.152444182787076832e-01
2.504049181152052505e-03
-1.329410993693008747e-01
-1.011688290044002875e-01
-3.981093804821159154e-02
-2.431669622456898716e-02
-3.064182639813450848e-02
1.571739005720723323e-02
-1.469710188312503552e-01
4.454426234461842347e-03
1.540910987127095400e-01
1.328356053776875122e-02
-1.577714317736004512e-01
-1.085760966602906802e-01
-3.947760091764210971e-02
-1.997191620976213750e-02
6.005447008699960586e-03
-2.881198293856887180e-02
-1.932806588236655326e-02
-1.892334323523545830e-02
-2.649132875274370913e-02
-3.633163373011511887e-03
-8.089765973881855865e-02
-1.059829815563326921e-01
-1.854070385990396197e-01
-1.975682446394528419e-02
9.580896134249127644e-03
-4.908503802819844108e-02
-1.709288140721140770e-02
-2.904895342984635531e-02
1.698880536727227775e-02
-8.170483837365311724e-04
-7.936130659240160645e-02
-1.055883539096051787e-01
-1.910704677500167925e-01
-4.169588237247678908e-02
1.182266085331056503e-02
-3.104348980685955189e-02
3.099927595549304034e-03
-4.146793882855391578e-02
5.256322065640880656e-03
4.943950008443626781e-04
-7.691384668372217015e-02
-1.013395928719334760e-01
-3.520146015624453506e-02
-2.408710199114057204e-02
-1.821708657252018859e-01
1.048073439422929701e-02
-7.959468394420535220e-02
1.768467991956426677e-02
-3.194013077448717985e-02
-8.747770669606164118e-02
-1.155569297266527962e-01
-8.667632832632993223e-02
-4.040573186061748728e-02
-8.565186300389850821e-03
-1.043008353944587657e-02
-1.115030834722983283e-02
-1.343251085419157609e-01
3.900138753241177980e-02
-2.872461877450464135e-02
1.593099105319248712e-04
-2.929397678704074963e-03
-8.396662988927473814e-02
-1.014026634773011609e-01
-3.324268602064722050e-02
-1.388286607730987443e-02
-6.681726512732285260e-03
-1.180833323221901210e-02
-1.060202993519770709e-01
-1.669068975769825948e-03
-5.378573174583466121e-02
-3.357544871215029005e-03
-4.109580803834578244e-02
-1.499579763543454625e-01
-7.838837282592442390e-02
-6.129251007689207054e-02
6.995139555318605380e-03
-8.217762841372161162e-04
-2.684794211099584757e-02
-3.129234865112768410e-02
9.770868749023398081e-02
6.408630556078287466e-02
-1.903859673943937569e-02
-1.896209171579601310e-02
5.734490679301591613e-03
-7.424186030435089845e-02
-8.948968927605978341e-02
-3.032492004834925342e-02
-1.482832707486846646e-01
1.000607796261225070e-03
-6.230758892132585991e-02
4.292542288011812202e-03
1.018265139000316122e-01
2.767561516195138349e-02
-1.331826952093821508e-02
9.315288278295030810e-03
-2.946369805127265970e-04
-9.671111450294356260e-02
-9.532754212913467640e-02
-3.075157024070875045e-02
-4.323717907422015491e-03
5.590717830955041143e-03
1.816396549410456696e-02
1.424775144242554359e-02
-1.355549511597661620e-02
-1.496144532156610044e-02
-5.349921336348453793e-02
-1.893729812138418567e-02
5.971360578346454270e-03
-1.653334662691513801e-01
-6.921320032376833409e-02
-6.647215018123338315e-02
-2.054831886785005168e-01
1.604674497342677142e-02
2.270857568436540630e-02
6.909733405010498597e-02
2.134506906310066135e-02
-1.143038943389224071e-01
2.551395807274259298e-04
-2.395290841194413003e-02
-3.396435993261186139e-03
9.568465238171577902e-03
-7.474173180909048086e-02
-9.240352541627412652e-02
-1.698310780960332333e-01
-4.425538692396072116e-02
1.449851395779121720e-02
4.151364918698538520e-05
-1.138501813193708578e-01
7.401023286884633734e-03
-2.537409148537511649e-02
-8.181750848757054009e-03
1.611896774024974138e-03
-1.341870386372654746e-02
-1.246577934201859583e-01
-6.984386481803252222e-02
-3.888951175035473135e-02
1.566135025861674010e-02
2.169610847496279346e-02
2.055845757855047709e-02
2.004855271468796163e-01
1.048562960786701692e-02
-1.160043580483532955e-01
2.129569241153458914e-02
-6.458953575316647537e-03
-8.325983266623762256e-04
-1.248949580396981479e-01
-7.037834025537491323e-02
-7.979694410281309991e-02
2.355273195272482578e-01
1.127600830437664944e-02
-1.881768184332217528e-02
1.562843583341417819e-01
-1.305567564531610047e-01
-2.257617064097420037e-02
-1.015017198784505525e-02
-1.576874046474420824e-02
-2.885296028666778020e-03
9.473328837234036917e-03
-8.276259267957961074e-02
-8.793713395793377463e-02
4.047110766880959165e-01
1.872590973008254542e-02
-1.579786734094212886e-02
-1.542625463406355202e-01
4.001703505983775222e-02
-5.653967335456111520e-02
3.114874540981343864e-02
2.307615482359402694e-03
-1.069858062615280936e-03
-1.157058732816309971e-01
-6.653331478204017879e-02
-5.691550306260613479e-02
8.247988420718799230e-02
1.756464508389641091e-02
1.168656967463121144e-01
-6.857138614683336297e-02
-8.466362495847333525e-02
2.861197291685635413e-02
-5.742280368254132697e-03
-2.837910328868918988e-03
9.171071492311185999e-03
-6.495950290558606677e-02
-8.806805022978593522e-02
-4.069499778423545100e-02
2.776566346174905164e-02
-1.141230260049894696e-01
1.267529692645966710e-01
-6.928059046569395862e-02
-3.209111393531867418e-02
-3.299236271723125433e-03
-2.738638801225704543e-03
1.081672331327353936e-02
-6.256505268994361213e-02
-8.787961363670515613e-02
5.194071902856721434e-02
2.790006787468165411e-02
-1.028070200509095811e-01
1.862276027623579466e-01
-8.111632583620920212e-02
-2.896594161200106293e-02
-2.910024488570617652e-04
1.300441630233479390e-03
1.039456236452381520e-02
-6.451882096524946819e-02
-6.677953679780182505e-02
-1.333878141372116521e-01
4.520586239472731971e-02
-1.295311374277894056e-01
2.220492699869892617e-01
-1.780975440139047350e-03
5.170851485396349423e-02
1.089250249657765235e-02
1.542872690906502836e-03
-2.229287285635782757e-03
1.713593594738764114e-03
-2.994579408089886180e-02
-6.740430727805399314e-02
-1.584587175718579211e-01
4.801778390727823309e-01
-1.633195755947210448e-01
1.814932633592723499e-01
5.144854938453010534e-02
4.148521854681419541e-02
1.668585091817097318e-03
5.315105533739172307e-03
2.097861271459279878e-03
2.887422823530422407e-03
5.109753993258214777e-02
-7.518939762384597991e-02
-1.771476006807849723e-01
4.530310454528563291e-01
4.352774580308693686e-03
1.321690695833480644e-01
5.093061026994060575e-02
-2.897335626226714422e-02
2.204233388346524530e-03
5.310464859739230312e-03
3.625975304564714626e-03
3.005482708001155825e-03
1.108482489415726635e-01
-7.043819841720802555e-02
-1.949044752892742094e-01
4.420563623540771925e-01
8.092462549744011691e-02
9.281622062105643334e-02
-4.909734803243251400e-02
-3.315420212851431098e-02
5.160398144533267367e-03
-1.542254406272408141e-03
1.222895379796809338e-02
3.644010363424927783e-03
2.612936805639034521e-01
-6.594323456604897493e-02
-2.009154334379974483e-01
2.706146672324053482e-01
1.738607324502309259e-01
4.186028699648591811e-02
-4.656231850617145729e-02
-1.250931812789905437e-02
2.819393849934601765e-03
-1.340939314235017324e-03
1.236235158548799375e-02
4.899995323056178034e-03
4.262198662394370841e-01
-6.449222257058490060e-02
-1.532313509656940409e-01
3.881404461669878403e-01
2.788717285530321055e-01
-8.813734038076546928e-02
2.581105403281037658e-01
-1.659303970585651600e-02
2.734638546224241358e-03
-1.139026673738617644e-03
1.168122604209495194e-02
4.889372360818888125e-03
5.641583471359881141e-01
-6.304532572529293610e-02
4.192087719357384668e-02
3.018865427195754902e-02
8.417262942110603774e-02
-6.592898814254816164e-02
-3.506039598871793506e-02
-9.101405950485062096e-03
5.155090342632700183e-03
-7.111025314392198024e-04
1.196570833704023278e-02
9.897809050451103832e-03
1.606218348795161455e-01
5.648816756992042221e-02
-7.487589533675780007e-02
-2.347522967178968800e-01
1.287299496987012737e-02
3.586237407154494461e-01
-1.222528088830235338e-03
-1.221435095058142836e-02
-1.155604343490809066e-02
4.804115940699460463e-03
-8.626027788814693772e-04
1.310279032121740295e-02
5.361665664619695050e-03
1.954430693447649636e-01
6.518368719236158904e-02
-7.135145895715090669e-02
-2.430309596929307592e-01
1.347144233960068105e-01
4.927037559713270953e-01
-8.614871663080743425e-02
-5.610971340834805532e-02
-7.708516624569065195e-03
4.113989168072848361e-03
-5.039360916770162062e-04
1.344256632510541262e-02
7.861089731983683659e-03
3.993158823967755017e-06
2.072230967447205585e-01
-6.538069428372807190e-02
-1.502196525962772311e-01
-6.501124602632817051e-02
-3.176906999505088591e-02
-8.456740706572518640e-02
-1.348302640894117332e-01
-8.119894501719052485e-03
4.710507366854290064e-03
7.142122637197713202e-05
7.480147181969469365e-03
3.300793020268761278e-03
7.187394452921255228e-01
-6.152792093106351778e-02
-1.997687242345005387e-01
-1.338152309080338220e-01
2.598475209246711368e-03
4.633617765092605811e-01
-4.244050320650058494e-02
-4.977292617798322397e-03
3.027838243154822376e-03
1.864267462404816441e-03
6.428661822232015557e-03
3.376214467374051998e-03
2.112028431952733820e-01
-6.237047078756070145e-02
-1.952398896075697443e-01
-8.698091946154645759e-02
-1.943376479417150901e-02
-3.151047958306895345e-03
2.543988600938177358e-01
1.381414372689225914e-03
-1.317053339085988558e-03
1.279163928402105195e-02
2.798528484541078481e-03
1.212525135312366288e-04
2.244249906052842025e-01
2.703277621208105552e-02
-2.965443728870370554e-01
-9.377487906563161668e-02
-1.037682016236805838e-01
-1.845146769556416100e-02
-1.217033207013688140e-02
5.456868690571841599e-04
1.363925217090229680e-02
4.577110852094182225e-03
1.975115961277115523e-04
2.625934925523717434e-01
-1.696976262649687595e-01
-1.179871651097685603e-01
3.118457929338200874e-01
-1.833623453649575741e-01
-8.390303377438347934e-03
-1.304078161618104324e-02
9.449268810643314228e-04
6.026805623583629708e-03
4.445077849994913399e-03
5.268976690356439452e-01
-6.876519680778653276e-03
-2.088613944463118821e-01
-2.990465725235827432e-03
-1.592289006696684939e-01
-2.178519540263533418e-03
-1.176573237760336101e-02
1.887127965444100912e-03
5.601852392096365839e-03
3.844273604911358465e-03
8.913008748553571947e-02
-6.351082759655891918e-02
-3.440193525306501493e-02
-8.572408249204958863e-03
3.210862076527903203e-02
2.519330642164564760e-03
-1.266450631902263022e-02
6.135506951646922278e-04
4.120024334424616380e-03
3.469108974624695446e-03
1.272085852858233224e-01
-2.104730833627404540e-01
1.100645334329661967e-03
-7.810856687379116869e-03
-1.752666769273675089e-03
-7.286717417679117181e-02
-1.948319496928473636e-03
8.419430062692623978e-03
2.880684959022745874e-03
5.496929136812445278e-03
-1.331228494704994256e-03
6.954677070635414959e-02
-1.720516725209691733e-01
-7.958585856173086559e-02
1.513909342179748209e-03
8.452306311926430227e-02
3.024856358677531932e-03
-4.521610295653714744e-03
2.899113395972655310e-03
3.358857978378395909e-03
4.060895745266602901e-03
-3.119109229475498183e-03
-4.605594389799409771e-02
2.426640101718177591e-03
-5.057848088968406458e-02
-2.644867568190543625e-02
8.628163382360565237e-02
7.164247757029452469e-03
-1.276193808773930759e-02
7.854396048798738955e-03
2.667022518236821307e-03
3.444905124647549069e-03
1.854260309011619701e-02
-6.072622878524968487e-02
3.667605583230398175e-02
-4.032057161040668303e-02
-1.741054564666908930e-02
1.631177664630917290e-01
4.288334211200691033e-03
-1.642579901884714741e-02
-8.076148889264028741e-05
2.312663784695534203e-03
7.184250657563812960e-03
-3.617243733156912371e-03
-4.340640913679422175e-02
-1.405819401815666114e-01
3.934227349553268138e-02
-2.540206481475599035e-02
2.112916088607806053e-01
-7.136018422759010660e-02
-7.820755616555987236e-03
-1.607715038820047709e-02
1.231115566082378876e-02
2.606166264405558684e-03
5.983508706108777581e-03
-3.764519437677068224e-03
-5.483078528996800094e-02
-1.180781369380445311e-01
-4.415169469935155411e-02
3.417601737809480844e-02
2.449961401813505191e-01
-1.469245228037886208e-01
6.988888288038978477e-04
-3.425930721843705590e-02
-1.496845263219604046e-02
1.207390884854534288e-02
9.367496508545768976e-04
6.499801627091196174e-03
-3.272385469561265789e-03
-6.256275597722947557e-02
-1.786759935171811642e-01
5.308259713999885498e-02
-3.919600636245583469e-02
9.590669418254234649e-03
2.593580115748135295e-01
-2.284488197638772922e-01
-7.768374769594176346e-03
2.555628174753278581e-04
7.603345853374870837e-03
-4.742040113045249586e-04
4.069927814042297205e-03
-1.023273504269819369e-03
-7.764818310448180771e-02
-6.477030458031921012e-02
-1.192994826149832849e-01
3.469217213013534584e-01
-2.094417230936460039e-02
7.741248545579903356e-03
3.485952613824739865e-01
-1.641224514418577443e-04
-1.204183413361025910e-03
-2.202650757233559284e-02
4.727475688850990218e-03
5.649683729922326428e-05
3.842723316115295717e-02
4.755136350699296077e-03
-8.340598155651024470e-02
-6.406947620860584114e-02
-1.304985851688362786e-01
4.707133789577611083e-01
-6.299473813078931839e-02
1.429833855522933198e-02
3.747847080230712891e-01
-2.164046418895807511e-01
-5.576755442085890545e-03
-1.248582853650550759e-02
1.536724273473388976e-02
2.561685195179185057e-03
2.805739459805729752e-02
2.120107985003481105e-03
-7.062480766810040611e-02
-1.960380804002424260e-01
-1.637612892995345083e-03
4.763497825671609842e-01
1.758539534862993761e-02
7.959069976646915290e-02
-1.661496896335041551e-01
4.101838005697521460e-03
-9.545093911906509659e-03
1.949179438496453226e-02
1.622590140813285221e-03
5.688219985129143452e-02
1.155517425779739593e-02
-7.850348264352824401e-02
-6.362840118833222591e-02
2.969740687823985148e-02
5.085748568786281343e-01
-6.106011305187650923e-03
-1.362643741503451744e-01
-3.194599734357029402e-02
-3.246597598390375816e-03
-2.316574087977187058e-02
1.380832322029922933e-03
1.593710591959529577e-02
5.321318741724201384e-02
4.481346025216047550e-04
-6.973292559947417979e-02
-1.259736541720580527e-01
4.654204029081590033e-01
-5.213289971635804224e-03
-2.091675054111749588e-02
-1.258941569610427975e-02
6.125465176167382841e-03
-3.229767988422577174e-02
8.198110125687196534e-04
3.584696654821976219e-03
6.011361004420712195e-02
1.530869216240111127e-03
-6.726559569327224264e-02
2.781483640763663390e-01
5.902884356770968788e-01
2.500911442367139900e-02
1.754846723305607537e-01
3.148477095301199769e-04
6.454840498291991580e-02
-1.498990782974897115e-02
-3.624019832013486344e-03
1.120071683919889871e-01
9.114100841696247401e-03
-7.504006861303609555e-02
-6.430648899068802660e-02
-2.087453679179840371e-04
6.517538661720242987e-02
-6.688863671113057241e-02
-3.145068406062882793e-02
2.836107422459470395e-02
-5.003054472928762653e-02
-4.791339780588156974e-03
3.021002269525319139e-02
3.699093620020420942e-03
1.096875334464903883e-03
-7.002168100287602115e-02
-6.732908053672746751e-02
4.495435158580292079e-01
-9.702217571931825643e-03
2.140011548758051219e-01
-1.039337294399213978e-03
-1.065133964029512104e-01
9.025296355447132157e-04
4.026296437194428618e-03
2.855371095679853921e-02
1.441223846127397904e-03
-7.000116209663834188e-02
-4.291517556117750709e-02
6.209724300233513405e-01
-2.417786394145674325e-03
2.773459363756088092e-02
9.935365194214895723e-03
-1.028191040499509823e-01
2.179481320244642042e-04
9.422203078400743018e-03
-2.511425198369882095e-02
7.762797002067411663e-04
-6.795418211138655462e-02
9.453789627471231860e-03
4.080921267885011527e-01
-7.048625025726101834e-02
3.136195804513965124e-02
8.531273779095911725e-03
-5.124934384610990712e-02
-1.094728443335198087e-03
1.272362946465090475e-02
-5.288369396557678417e-03
1.248696467611783156e-03
-6.698081718259314699e-02
-3.144365667158718902e-02
2.693636209447483054e-01
-2.405895006751937459e-02
4.855125108147882729e-02
1.550762824805780246e-02
6.591634512788946410e-02
8.115215461214849574e-03
1.451480993294033614e-02
-1.663493794605000811e-02
1.378698720610907133e-03
-6.070406694843333978e-02
4.139683892392386211e-01
-8.279264494748364567e-02
3.516368203733028462e-03
2.852671758646082439e-02
2.005427906049955800e-02
1.093539287968847695e-01
2.142083619259813609e-01
5.704752939521361144e-02
-8.048995979754269836e-02
-2.631532869529031472e-03
-1.384216290398951159e-03
-6.509451515198283467e-02
-9.094783511713484814e-02
-3.896553791230455283e-02
-1.533536003821705379e-03
3.509976455747186564e-04
-9.198859902886062992e-03
-5.297161940383943168e-02
1.127045313242540647e-01
7.085071595767635823e-03
-2.761650770728178717e-02
2.045695543287489367e-03
-4.994023664086465197e-02
2.157507411927957475e-01
-1.332235064621615783e-01
-1.889890234974391306e-02
1.126099828440062581e-02
2.119444406707202480e-03
-1.048131224088812985e-01
1.657485403291063530e-01
-1.169510122451875717e-02
-4.617278265931967773e-02
-4.863169535113198716e-02
5.312906454809739401e-03
-6.442418356598531015e-02
-1.419655887582410569e-01
-1.314794291378376112e-01
-1.064789560014494686e-02
1.823817345929715141e-03
2.880255560933169673e-03
-1.278427956534816667e-01
1.336452603697643182e-01
-2.363617702696046985e-02
-2.676055275212135820e-02
1.600352753556885665e-02
4.556744717984366130e-03
-3.632015403197132869e-02
5.422590770897472989e-01
-1.309468658855542367e-01
-3.855473563789900415e-02
2.434739063283111044e-02
2.388763301635933242e-02
-4.671131013142525157e-02
2.735176090761088363e-01
7.621954144817644217e-03
1.661775005038745867e-01
-2.133587205097150011e-02
6.830827206854677737e-03
6.197459839545148459e-03
7.397505548660553432e-01
-6.481925097382384982e-02
-5.370045431040208761e-02
1.370357176811694191e-03
2.066548865433785395e-02
1.388311034574488123e-02
-1.040032610361435461e-01
-1.896710215735253335e-02
-1.173695618625692980e-02
-1.534894207405107514e-02
-1.383910261046050923e-02
8.857268332256924837e-03
-4.466241934302583871e-02
-1.388189191817157941e-01
-1.377394053557857989e-01
-5.567175786711029556e-02
-5.314971470131964540e-03
1.544168507613899455e-02
-2.083136344234875759e-01
2.950113998384554931e-02
-3.697190663311060443e-02
-6.434982059212936145e-02
-9.506536982387459034e-03
9.017531392036438539e-03
4.172406241057195486e-01
6.815527642056399271e-01
5.551685681994572574e-03
-5.424581840656574061e-02
9.419750421125970205e-03
-5.531252704736053238e-02
-1.157412758401178687e-03
2.525526981494157636e-02
-5.177002973948743869e-02
-2.446501050975508768e-02
1.108861364197433197e-02
1.051951426893534339e-02
4.610935706410435042e-01
6.769496752372201609e-01
-1.419543199181911020e-01
-3.736020244960989306e-02
-5.702542770567601595e-03
7.228089515192032133e-02
-1.027889563040435411e-01
1.443065194859531608e-02
-5.287857598061852793e-02
-2.251311835122437460e-02
2.682971574285841765e-02
1.170206233258701267e-02
7.291960925366332003e-01
3.837267792144064549e-01
-1.340383142636072389e-01
-1.897552147515792209e-02
3.769581397569614963e-03
7.574271161829759791e-02
-1.093294060566409737e-02
-3.227491798113215488e-02
-9.444080088643438953e-02
5.691702346246790833e-02
-2.647078895536225662e-01
-1.952686277891386990e-02
1.489554732488375909e-02
5.518969461703086832e-02
-1.142905219502529102e-01
4.767613906143548519e-01
-1.323603278655627602e-01
6.672853275155946930e-03
-1.105321275586104712e-01
-1.338679777497037322e-02
-3.291847311015404232e-02
-1.108249600207872332e-02
7.998786974388374937e-02
-2.172468868043100632e-01
-1.222181433815941985e-02
1.750596678047955726e-02
4.305605185059730999e-01
4.412296167164708738e-04
6.509997789940566992e-01
-3.003002232107060410e-02
-4.096169045027806335e-03
6.805042287515372657e-02
2.786766354218923186e-02
-1.835755743894608785e-03
-1.148612802198364646e-01
7.276555176248655776e-02
-8.910471126746088988e-02
-2.163210888785832564e-02
1.456042871454509523e-02
8.894306510843547064e-01
6.641728054153493987e-01
1.248121313463997906e-01
3.123523985953377546e-03
-6.355250713458607259e-02
-3.418864464880747153e-05
-1.548765914196813531e-01
1.935748424868318288e-02
-7.972991924672791220e-02
1.206114555157483670e-01
-3.686139772550613841e-02
9.022587411998683748e-02
1.323714418163928798e-02
1.989168491248195086e-02
-4.052825021674850980e-02
2.526812824911255917e-01
-3.451136001933228364e-02
-2.409010999453133628e-01
-1.938051006847765507e-03
-2.687082733696932735e-02
-3.164733867567363305e-03
-6.897936368234969251e-02
1.101110552252121400e-01
-1.286774883478456442e-02
3.806198730969911903e-02
9.695298285274531191e-03
1.379174755815112952e-02
3.147233060421416595e-01
-1.311189973565770051e-01
8.308598719380202446e-01
-3.295190579699176087e-02
-2.417018281706220517e-01
-1.198446382427002625e-02
-1.952403336878969775e-01
1.927017492884139024e-02
2.251697886833048390e-03
-1.371415021067966776e-02
1.395559440524659633e-01
1.136127334837945188e-02
2.398639720683223842e-02
6.791467315199375410e-01
3.374890927432497301e-01
-1.375355734814881492e-01
-4.110563173120704294e-02
-1.637194836697566103e-01
-9.331016157898918903e-03
3.541671018211056676e-02
2.352578954643773021e-02
-3.374651310778757629e-02
1.482014570439982304e-02
9.083046567858479858e-02
-8.558780765937667664e-03
9.915371610418756421e-03
2.571702002830868888e-02
1.880683698903795054e-01
-1.519245821624430337e-01
5.896017538336482122e-01
-3.242067304759374546e-02
-1.182026632995751003e-01
-2.895018505488175520e-02
-2.713471788556168912e-02
1.098005813033932077e-01
1.047504263707959016e-01
1.078696909207662036e-01
-3.437994628571021827e-03
8.796129331392963172e-03
2.669615908732163659e-02
3.187412323483778120e-01
-7.746849220520136969e-02
-1.047793789386268493e-01
-3.725005727836445957e-02
-6.443100616904762212e-02
-1.767876890136049067e-02
-1.102127212482892915e-01
4.602480336086615942e-03
-2.533979064187949493e-02
2.196666087947073132e-03
4.488631914647073229e-02
4.543933908679831900e-03
1.788022873018578832e-02
6.981896132121302636e-04
-2.644902866949948306e-02
1.468537187124489829e-01
2.579750526383444709e-01
-2.075922694991866671e-02
5.858446058517596811e-02
-3.995740901967271413e-02
7.795106794527955144e-03
1.839948040702510390e-02
-4.620586647160333793e-02
-1.331648048916435866e-02
1.292322519450919693e-02
9.320224067342723628e-03
2.270816286789319183e-02
3.795878236208410938e-04
-1.530895646561929169e-01
-6.202383997712523911e-02
-4.111916624309999019e-02
-1.799170088231089315e-01
-2.473315466625541220e-02
1.087976271190814193e-01
-2.769592447339652708e-02
3.951078937846986064e-03
1.184104438451219835e-02
1.118433338331283333e-01
6.262821729819231971e-04
1.063111364918625963e-02
6.899436211936894360e-03
-8.853215575813006000e-03
-2.345947954863980556e-03
-4.430398797748027334e-02
-3.828055561196515300e-02
-1.969341938890854099e-02
-4.315338753795944920e-02
-6.029113129149390321e-02
-5.278044916046226685e-04
3.429760557943455773e-02
1.631498948051872053e-02
-2.003124169735131122e-03
7.538843291028014988e-03
1.596063388313281872e-02
-5.735827784926644281e-03
-1.568092912219698210e-01
-1.050941223149122472e-02
-2.454020996349409386e-02
4.149634677397424642e-01
-4.447280968361273096e-02
-4.789403850349915198e-02
6.047605721430269858e-03
-8.745534161538381923e-02
8.577741360800007764e-03
1.389285037200230178e-03
5.658378988323455559e-03
1.723240689549149218e-02
-7.225016949077523939e-03
-1.539834807693762631e-01
-3.865838223126279172e-02
-3.252647860710909666e-02
4.628660741851181593e-01
-4.592542495163200178e-02
-2.215341406042286090e-02
1.509210280004001994e-02
-4.167573733723347468e-02
-5.723414361184401417e-03
1.837365512035879500e-02
-1.520018145435723727e-03
1.012693414558406800e-02
2.502020183858028393e-03
-1.589639175934721427e-01
-1.120331544636362919e-01
-3.715051288105348376e-02
4.111866280420419795e-01
-6.670952952111815215e-02
2.872809052777624411e-02
-3.547046571173136098e-02
-2.291914502263330336e-02
-5.703572001038817452e-02
-9.510385708219101092e-03
-3.360421182099886540e-03
5.723786938607556933e-03
-1.350672993423352418e-02
-1.589886268035961558e-01
-1.377442817410307885e-01
-4.324060286665772773e-02
3.133756372183781336e-01
-1.105008769726780957e-02
-1.954165452747370912e-02
8.071981917640957960e-02
-6.758757882756788460e-03
1.900733195437733294e-02
-7.175405552716818645e-03
2.778981167795520780e-03
1.048584483229777781e-03
-1.045607734160522717e-01
-1.253894781882999021e-01
-4.665744794074992707e-02
5.140218448555766706e-01
1.751203740593430466e-02
3.003635579912304100e-03
-3.165416385176206271e-02
1.144206361496015456e-02
5.588570018082628099e-02
2.986490067368165538e-02
3.763438411849631682e-04
4.856356602146582636e-03
-1.748240536733094291e-02
-8.495765367736554663e-02
-6.449457252163819099e-02
4.833371413705374042e-01
-7.418211515836016512e-02
-7.634272996326293709e-04
-5.735491733396597472e-03
5.847668768119138744e-02
5.609195951545117853e-02
1.639024188937632243e-01
-1.091533566794728773e-03
-2.555482409235202562e-03
-5.673591156939783615e-03
-1.609010606477514760e-01
-1.094571523805553115e-01
-4.298465717542468423e-02
-7.545438092778927741e-02
5.997433040178434122e-02
4.852601052135081632e-03
-2.663141664030125103e-02
1.208113422161078213e-02
2.712611776307605194e-02
-2.372050286047476184e-03
-1.554220687833726168e-02
5.776047899019518851e-03
-1.610925203781442550e-01
-8.519395131119907039e-02
-3.728551383684387127e-02
2.275762319167466963e-01
3.190045210677012327e-02
-2.123220070355954017e-03
-1.217127829764667706e-02
1.688437416420972975e-02
4.352953449124230545e-03
-4.867401619170323886e-03
-2.006686530433260396e-02
-9.023442302468310389e-03
-1.613302069800675864e-01
-8.887142619634572083e-02
-4.140970348180788435e-02
8.456095655127582322e-02
6.768149145213427087e-02
2.856126343035317316e-02
-2.935764347120487644e-02
4.995185708699902832e-02
1.147228149117157647e-01
-8.390995621137920663e-03
-1.857165749624440244e-03
5.977266530297051239e-03
-1.585333145491134021e-01
-9.682363505503420453e-02
-6.488817261826379523e-02
-5.275248815636512933e-02
-7.365258658948349579e-02
5.249136036470537781e-02
-6.898333732369747728e-03
3.083953325600270398e-02
2.288268298453677296e-02
2.134629826055255489e-02
-1.684480147222044283e-02
2.426600546080437057e-02
-1.486273886040360981e-01
-1.468119941167136955e-01
-6.828537033893183894e-02
2.849767309738091350e-02
-2.245848634947624489e-01
8.074656393167841534e-03
2.063525645679874926e-02
-3.002514461194036657e-02
3.107721311482424670e-02
-5.138021380514065997e-03
9.691032462383339374e-02
4.148229647149750260e-03
-1.458383980596433260e-01
-1.218131489374325582e-01
-5.118013336207502539e-02
-2.510848558031356786e-03
-2.498244814638107825e-01
4.137297688945483498e-02
1.319575377033457148e-02
-2.714134389193343863e-02
6.596821912174851386e-03
-1.617537252009285803e-02
2.623026363360222435e-01
6.509141806897431222e-03
-2.374356043772553066e-05
-1.608114335470574585e-01
-8.784824712742268782e-02
-4.542919915604922559e-02
-2.491644988982197606e-01
-1.623790939119879317e-01
3.250888042101262448e-02
-7.242052069484133416e-03
4.403788540786001543e-03
1.340087426966685147e-01
2.505510769898735002e-01
1.759406327206074205e-02
5.440160900223467433e-02
-1.625435841963332739e-01
-7.707178644203040163e-02
-3.729160338691998866e-02
-2.672825346385194201e-01
-2.097160190673695856e-01
4.499194946462523742e-02
-9.163427661994530404e-03
-2.779981143850321704e-02
-6.573398581758205239e-03
3.392410555847407382e-03
-2.289740829899807872e-01
-2.835827341842456217e-02
-3.191154101002286478e-04
-1.179848592485143871e-01
-6.308873385181090754e-02
-5.190566366141187438e-02
-7.972335721953356658e-02
2.527371020353525941e-02
-2.398527715362884505e-02
-1.749492078398316025e-02
2.495072940491737529e-02
-1.065133884812356074e-02
-2.019221480634356483e-02
1.644667050105651229e-03
-3.302231679717627238e-02
-1.608615907009547374e-01
-1.247094443437254813e-01
-6.721257469150403174e-02
-3.854764233149288871e-02
-1.743905081638145449e-01
3.369796970345022985e-02
-1.633756204497042314e-02
-6.821703059459205409e-02
-2.757619140057679386e-02
-5.649378536170707871e-02
-1.941585508553960587e-02
9.768745818252226945e-03
4.628304318143153795e-01
-1.562483520379973068e-01
-1.015566109195211314e-01
-4.513745001869268192e-02
-7.031087508884013848e-02
4.439377365007522031e-03
-3.026410403821234475e-03
-5.630811657072660320e-02
3.059278762302650168e-02
-4.836601734458164520e-02
-1.966897989590678242e-02
1.067770700445489461e-02
1.113731654411728167e-01
-1.533327800111893291e-01
-1.008681796822858412e-01
-4.455739651952909941e-02
-4.904965740400394486e-02
1.523785496349669769e-02
5.761261069477717142e-03
-6.659715742325757193e-02
1.154424238858379748e-01
-1.177230717678314775e-01
-1.985426816555783611e-02
-6.578022721161974617e-02
1.332118503706676560e-02
-1.319236438944584033e-01
-5.688367943269986154e-02
-3.878968266176431590e-02
-5.941535898384844860e-02
-1.085155037324269101e-01
8.917394320064124871e-03
7.761866227884595820e-04
2.224481670804701050e-02
-8.290312058415225116e-03
1.938514401592281722e-01
-1.323536251387404661e-01
-3.420180912775881710e-02
-1.091607826906652451e-01
-6.407998025946026743e-02
-3.707562642882022974e-02
-3.013705585125120434e-02
-7.807212780357435794e-03
-5.355304720126977808e-02
-8.745956251680432614e-02
-1.667252506156108316e-01
-4.079907111922513596e-02
1.506614541496775761e-02
-1.104893804233915422e-01
-3.140227136646350781e-02
-6.715314573905262208e-02
-5.919632763209824178e-02
-1.033305045774787212e-01
-1.052637486151569296e-01
7.447058271677672869e-03
-1.784228918700866140e-01
-1.719089608363501553e-01
-1.203224057392253549e-01
1.672894660095145536e-01
2.568052395625294859e-01
-4.362394828158685373e-02
-1.554568540101782248e-01
-8.126367317624942632e-02
-4.452123947885670840e-02
-1.043969233671338537e-01
-2.435890132001955755e-01
2.742220539148627206e-02
-3.805862602804386402e-02
-2.936393060984719694e-02
5.034072667131277157e-02
-1.641378807828755906e-03
3.885035450605231477e-02
2.158613702216372054e-01
-1.189714602872415233e-01
-6.204068061651855231e-02
-3.629311900245649203e-02
1.788359406825837938e-01
5.636522266517290936e-02
-1.505995488591877485e-01
1.126433562002121802e-01
3.184289636140315988e-02
3.350751170142912683e-02
1.970182553122404867e-01
-2.026732556773526428e-03
-1.509167545056851467e-01
-6.891796871324248897e-02
-3.779777732973251675e-02
5.798708810181598672e-01
5.106615141858418527e-02
-7.384950964681127883e-02
6.191216390581739948e-02
1.778450036593899330e-01
1.008560405201075483e-01
7.401212380062230367e-02
-4.726222349071917961e-02
-5.760957325165756704e-02
-6.245965952846396774e-02
-3.948849360555275328e-02
-9.782907084062406056e-02
-9.633030837260841972e-02
1.992584824188218390e-02
8.795663447480286945e-02
3.689000462484488818e-02
5.631955573891478384e-02
1.608186520499416128e-02
3.662022333267756641e-02
-1.137276266464528202e-01
-5.449869685860649765e-02
-3.817377157194526416e-02
4.851357162427374359e-01
1.195644376876477954e-01
4.777793061840064637e-02
1.209838634819954822e-03
2.603126046819526085e-02
5.300059595463122580e-02
4.958128532399341815e-02
-6.302586747282416801e-02
2.094739942471287031e-01
-3.677902216700523058e-02
2.086877735924558275e-02
-1.373852076084591811e-02
2.008855265578547711e-02
2.448571683742818000e-02
8.278907433179949482e-02
8.316924350147732181e-02
4.001581355387151540e-02
-2.547643708949479113e-02
4.178666480057047217e-03
-1.530300986686732034e-02
3.812507354319011332e-03
-1.224155380967631990e-01
3.238397052082486738e-02
-1.120519950692217513e-02
3.995913325450725639e-03
1.768796463843602673e-01
3.912434129912146369e-03
2.955267347796527999e-01
-4.938911479776469937e-02
-5.329998484286045668e-02
8.084140257272570684e-02
7.491220128600856176e-02
2.142278210912203565e-02
-1.335221846908698530e-02
4.726959191694335427e-02
4.256123151343610411e-02
-4.827288010473641811e-03
4.876339298601316541e-01
1.666799221048825830e-02
-2.433527627467162169e-02
1.967730505133397090e-01
2.239829250058645790e-02
1.940070080337467917e-03
5.896019628621577274e-02
3.299953858544537599e-01
-1.858755180612825519e-02
-3.661678244343091054e-02
6.752586518572840646e-01
-3.024084312413494874e-02
1.412200178284287455e-01
1.692111277942538461e-01
3.333273417371578062e-02
4.128230213732656667e-04
-1.856618210004793573e-02
7.631289092383038153e-03
-9.128995862488917951e-03
-7.933860151674254624e-02
-3.937604173326678808e-02
-4.437105891223885878e-02
4.323386555462291891e-01
-1.140359976227319772e-01
-1.372968696149086225e-02
-1.252843725739313449e-02
2.640281815725730591e-02
4.495709662221447633e-02
-2.286576976769670588e-02
8.778239616992995487e-01
-2.810208847197912668e-02
5.034390708558211802e-03
6.590570017100472189e-01
-3.499490661304585637e-02
3.652711356555579333e-04
-2.730392490423186325e-03
1.168489868282326372e-01
-7.236570390584451395e-03
7.571826762979311926e-04
5.697133742757204411e-01
-3.103910154021021980e-02
-2.896630672135853610e-02
7.975554149224407530e-01
-4.338488335921086847e-02
1.458558153325907603e-02
-3.674119636276473172e-02
-8.626537489885900689e-02
2.113100928624885022e-03
-1.781971990910704434e-02
3.147979647924655788e-01
-4.084830490712276774e-02
4.208153081234826398e-02
7.195638450856539636e-02
4.238718837883174162e-01
-9.657579275572847344e-02
-3.871120591826526097e-02
-8.513337808797205586e-02
-9.128499174800406776e-03
-8.185103391581383114e-02
-4.152129235857768275e-02
5.896899391898106080e-01
-2.984414475109567824e-02
-1.080681251530078019e-02
6.568270224955266023e-01
-5.575213484629970573e-03
-1.637914100052926397e-02
-1.929135853869714742e-03
-1.397418801475929784e-01
-5.716721797658315396e-03
-1.212124728313224847e-02
2.790252927921805237e-01
-3.613216074949164580e-02
-3.564639438512476333e-02
-2.392757938875628154e-02
1.229257538315126630e-01
-2.252345190896098970e-02
-5.513334402671037950e-03
-1.143940289842247660e-01
-1.335642601160076381e-01
-4.615455404129562358e-03
-6.538531921854769807e-03
4.002275913020187925e-01
-2.908140029445905814e-02
3.252399408742359110e-01
7.506954613023129053e-01
6.590140118770192179e-02
-9.779972245712510726e-03
8.786841366389967940e-04
-8.521091883186671101e-02
-3.177089327413302328e-02
-4.454883747337377159e-02
-5.312104252114856554e-03
1.406436079320054766e-01
-2.683744815439640524e-02
-4.737502343823654649e-02
6.723903579373331496e-01
8.375869702824112473e-04
-7.773852827970786916e-02
-2.344109814106904929e-02
-1.695390379115024881e-02
-2.844080465217149745e-02
7.285446654538230149e-03
-4.317003508972393211e-02
-3.658154480285831511e-02
-6.097148951741622469e-02
-5.044949227002011594e-02
-4.183146054831327065e-02
-4.228229664439077384e-02
-1.106771594085878552e-02
2.924414845455697298e-02
-1.324359366237965775e-02
8.020224896946318710e-03
-3.552433841606435216e-02
-3.142964755179132597e-02
-3.179700949341102839e-02
-1.890414533976359293e-02
-3.980740220816800234e-02
-5.038150804729082249e-02
-2.268210531991888060e-02
-1.793591621178331486e-01
-1.627109612108102177e-01
1.467803883601975085e-02
-9.830083693899802078e-02
-2.945589608224752007e-02
1.857391306766849326e-02
-4.672387613455036837e-03
-7.796970281431905847e-03
1.293437964820349714e-02
6.230549904455962018e-02
-1.137316518125554288e-02
1.383539806509621883e-02
-3.001711761611612281e-02
-3.964577965388926817e-02
-7.598868870253686070e-02
-3.703792002591490846e-03
-3.559861354444852910e-03
-2.706789980123262829e-02
5.504129014704384204e-02
-1.707747234249883117e-01
-1.134936539823709206e-01
1.071009395853533136e-02
-2.896028237837169894e-02
-6.645768721989149530e-02
-1.278871439990220474e-02
2.775274856131531784e-02
-3.418415977159105362e-02
-1.179204291543522742e-01
-5.404238667958102121e-02
-2.237155128399749282e-01
1.033812575196635559e-02
-3.058247236406239078e-02
-8.442041599176197675e-02
-1.339473215435276789e-02
-3.829937884447345148e-02
-2.359128300045261820e-02
-1.054017618566037984e-01
-1.797565255365198844e-01
-2.439482446016245365e-01
1.681373550151795890e-02
-2.499727376420700364e-02
-8.468243967358869695e-02
-2.202812083366972873e-02
-3.632770127247323538e-02
-2.944581245648295043e-02
7.845881595256698482e-02
-1.335712447709637776e-02
-1.695212609990406349e-01
-3.907085063095629140e-02
-2.259500873101762813e-02
-8.384796357575990955e-02
-5.693547403350179836e-02
-1.700548352159426263e-04
1.158263838861417483e-01
-4.924409645684894865e-02
1.409857524445364829e-01
-1.346541488273469145e-01
-2.178953770493415598e-01
1.989921644066895354e-02
-2.870191616592253359e-02
-1.367997761195222650e-01
-5.206394328064959526e-02
8.901159684908700742e-02
1.393727668670740050e-01
1.831167483012627883e-01
-2.801925728771530524e-02
-1.619986323301322861e-01
-1.627943984603931991e-03
-8.269617076778729148e-03
-2.168938097736057211e-02
-1.333305913481254990e-01
-5.684039204338664497e-02
8.348936995308327280e-02
1.387938283834396214e-01
2.267240132549491749e-02
1.704459406349105866e-01
-3.587355955900808219e-02
8.186006372362959055e-04
5.074234892877716591e-03
-2.210211627842078794e-02
-1.131232546552844442e-01
-5.997925558233747206e-02
-1.585532851700316437e-02
1.247223699707762368e-01
-1.478435344229180604e-01
-4.786076547508910650e-02
-1.380733007779012533e-01
-3.216954967609488708e-02
-2.273083466249963339e-02
-6.705589433412618983e-02
-6.376741783932368679e-02
-6.181119623633359039e-02
1.426639020130330004e-01
-1.321001109951762953e-01
2.412708322387413507e-01
-8.139176168635836595e-02
-8.984509088161010681e-02
2.550871037810692118e-02
-3.125562883894574678e-02
-5.544951442656087526e-02
-6.975661119205459060e-02
3.253657411576941355e-02
1.364338883075503495e-01
3.774826766438899028e-02
-6.694863741764819909e-02
-9.014681359519050030e-03
-8.331934712548123845e-03
-2.360912506167248820e-02
-7.708062318028466309e-02
-3.802369970121928511e-02
-6.995889156529151720e-02
9.738939009218472442e-02
-1.223314775882994310e-02
1.478784662356903423e-01
-3.515259707822425417e-02
-5.761489582978132629e-03
-2.069524962546291993e-02
-9.831896324677902310e-02
-5.366429812223917628e-02
-7.722192979920515510e-02
-1.285127210637668910e-02
-1.281397829129664045e-01
1.230314908807097485e-01
-4.216090034526050190e-02
3.481414053845616197e-02
-2.252955520310922014e-02
-1.109983782822799581e-01
2.955806569385119875e-01
-8.216530921536141507e-02
1.031003785828646935e-01
-1.247786415140431371e-01
-5.164059054873876980e-02
2.091409355745690313e-01
-4.250808012551361703e-02
-5.615521707195822443e-02
3.628351253868603021e-01
-5.535230816349419325e-02
6.588201848213026679e-02
-1.004028356865207805e-01
-7.845738822816471225e-02
-6.212965044226149286e-02
1.003341114476999363e-01
-2.154118259620676351e-02
5.309838729387715839e-01
-1.185237362689725571e-02
-1.066941987021882352e-02
6.478270931221746798e-03
-1.892494128262245112e-01
-4.888127152195190228e-02
7.185728206076070768e-01
3.996553359896973245e-03
-5.452438765898583173e-02
-9.756480018991971204e-02
1.500033692811487962e-02
-4.015693950619708685e-03
-1.854270363581744796e-02
-5.701387661228898146e-02
6.562443247656052359e-01
-4.691023068865960571e-02
-1.018844479933433689e-01
-1.033327258964841372e-01
4.292995301277874876e-01
-1.302482449229018235e-01
-2.103084318728208613e-01
-7.647075283561835524e-02
1.951913103581912057e-01
-1.562868001278222563e-01
-5.969887573231925232e-02
8.748537728447076667e-01
3.422190003135305858e-02
1.024135874783088998e-02
-7.864223487234683896e-02
-1.082455998766745225e-01
1.848608544423165911e-01
-1.685661590304265434e-01
-5.812973167267458663e-02
5.725890948358081101e-01
2.512901549268936607e-01
4.540967141790731160e-02
-6.220211917838482096e-02
-1.065278043719427997e-01
2.176153449604161239e-01
-2.231505782307699748e-01
-8.083177552691546419e-02
3.662923556159013994e-01
4.959591885602150640e-02
3.864232278734725662e-02
-8.805456173616789395e-02
-6.430244848205562969e-02
-7.241729655118689379e-02
-1.882866665300132747e-01
-5.611190001813422951e-02
5.134101386462538441e-01
2.374771343272574775e-01
3.967774148125605138e-02
-9.830023957423677031e-03
-1.004349351768114573e-01
3.866860606931038502e-02
-2.312514236019642400e-01
7.426913842261000376e-01
-1.211203773064033207e-01
-2.297462633736355175e-02
6.522146500173756078e-03
-3.376577629614576498e-02
-2.957792495399125254e-03
-2.461188718676413645e-01
5.146270804626491557e-01
1.440886108010089595e-01
2.752814171737014842e-02
-1.059337729871682038e-01
-6.661315304798146042e-02
3.271202779695058238e-01
-6.479522284823747980e-02
-1.175558692882560513e-01
-4.255751663940148671e-02
3.737229643410795721e-02
-3.283124358751324245e-02
-3.629650651734695616e-02
-2.159035128431001371e-01
-6.048784162235192052e-02
-3.408481481383038303e-02
-6.554575518698483455e-03
-1.863225442075253924e-01
-6.735402074172702758e-02
1.053411559595114622e-02
-5.910933250902822983e-02
-1.169270252397177773e-01
-2.736679647055498699e-03
5.498057711716156093e-02
-1.121652596479296056e-02
-5.019062335207416514e-02
-1.025680125647001201e-01
-1.182366583067253618e-01
-5.596444167734601627e-02
5.327234279395275801e-02
1.710076668005233030e-02
1.232276546808309114e-01
-1.374445536113497457e-01
-5.332801292832051870e-02
-6.034454667182995863e-02
4.407752067947709462e-02
-3.015948097466669350e-03
1.768373574147090177e-01
-1.294902658795613337e-01
-6.486251207071570823e-02
-6.682739433297384124e-02
-1.678181101159755273e-01
-1.273298045687141500e-01
-3.591698891804821769e-02
-9.236672429497955195e-02
-6.504606792332109921e-02
-1.016784722250937828e-01
-7.827030085595575171e-02
-1.849003587864164466e-01
-3.995248757987013288e-02
1.640157742484263381e-02
-1.302465877569947139e-01
-1.151952191070152731e-01
-7.083703799453064387e-02
6.364025369898097806e-02
4.374227013892146437e-02
6.106617144998324198e-01
-9.196554908264041595e-02
-7.330811930009745181e-02
-8.488154023402834369e-02
-5.881545750346140605e-02
7.005545257879403076e-02
3.345872385762372302e-03
5.278679419088494473e-01
-1.134276191447250448e-01
-1.122928089185216000e-01
-8.690603556898068849e-02
-4.122054590595546769e-02
7.471032984325692849e-02
1.418516925061586581e-02
3.805834573932806997e-01
-1.117340322826339966e-01
-1.079075964993157916e-01
-1.027384282680244287e-01
-7.623311557022091622e-02
-1.341149641977725793e-01
-1.104932664000014136e-01
3.485204648159929697e-01
1.562251644946493212e-01
-7.397674122174521805e-02
-1.126397635172938089e-01
-8.050307262382253026e-02
-6.962818218603505915e-02
4.929263659794502761e-02
2.796089575395487720e-02
3.680013341836136931e-01
-1.172657296093886498e-01
-1.141048325846085176e-01
-7.944994138897593094e-02
-1.180540292429244353e-01
8.269787144504220366e-02
6.791765243170144739e-02
3.406931225272859520e-01
-1.018848374394535627e-01
-1.138402357520377078e-01
-7.736655499457886775e-02
-5.928348364021136102e-02
1.696812164461488082e-01
-2.736400737488523666e-02
1.004256937614999567e-01
-1.005598006053477350e-01
-1.129937824921361522e-01
-7.752955926125902619e-02
-7.651555489841577185e-02
4.702185049142413309e-01
4.599544510616644655e-02
5.222687455247330135e-01
-1.217589846689041272e-01
-9.515536198669082013e-02
-8.048873446824053590e-02
-1.050209162872691171e-01
7.579891640003140474e-02
-1.812692615481404854e-02
-6.872813811404270001e-02
-1.117611244912574409e-01
-6.646867634097206046e-02
9.166552904064800833e-02
6.687538266560902889e-01
4.941891626614967198e-02
1.107829612708073064e-01
-9.881762372764463231e-02
-8.680962757233975924e-02
-7.826328029891019278e-02
5.428040142770783616e-01
1.259687684438280664e-01
3.081301532296913670e-02
-1.051038764881481596e-01
-4.159484927416811501e-02
-7.656281960959390731e-02
-1.565288261786219326e-01
8.765799064319235168e-03
-5.149541517042943717e-02
-1.017243607493350382e-01
-2.592554181259556362e-02
-7.804783998956557611e-02
-1.606845070842364553e-01
2.864136521060647173e-02
-3.870552890184463662e-02
-1.017437681796581339e-01
6.813604624581942604e-03
-7.812013864335091984e-02
-3.262369308069557050e-03
6.486622211907455693e-02
-3.316302744263983221e-02
-1.040308453222067442e-01
8.402889854504286271e-02
-7.942708053793724743e-02
7.700648591269271259e-02
5.883747627442936778e-02
-3.658805265601568907e-02
-1.064342814027118278e-01
2.052671363117329340e-01
-7.793322367037072707e-02
-1.310521374075319101e-01
2.828149035608111192e-02
-2.190495731058384951e-02
-1.118550849783297024e-01
-8.522762397625205377e-02
-1.022446753752385695e-01
3.206393750982874380e-01
9.020485101792957705e-02
-8.420001157633545674e-02
-8.042320787281798111e-02
1.196735458491242354e-01
-2.241188437407930778e-01
6.685411449420472496e-02
6.213616840550177135e-03
-1.079871813282069354e-01
-8.601813327694275702e-02
-8.071811988704649665e-02
-2.792174404985064418e-01
-4.886509315187057695e-02
-1.454063021003376352e-02
-1.182858787126043615e-01
6.550077058466632351e-01
-7.002400670236955116e-02
5.031380869498421060e-02
5.652936623969487956e-02
-9.982456575062961801e-02
3.904687826175554655e-01
-7.288956996401255162e-02
-1.471084326915583496e-01
-1.486251584492231242e-02
-3.299678624594256510e-02
-1.223600918316953279e-01
3.699423678577808960e-01
1.350760227942586211e-01
6.054657010381232080e-02
6.080063376658682156e-02
-1.139734209568651624e-01
5.185297156242588690e-01
4.089702879525104473e-01
-2.544266618388514312e-01
6.863620286799580750e-02
-1.075812608852833724e-01
3.352764679099579648e-01
5.352234122706613917e-01
-2.369923367477788645e-01
1.025142052285878819e-01
-1.269145950069974771e-01
-6.848167741949767739e-02
5.059424031921707643e-01
-1.453063883307112447e-01
-1.210470161689350399e-02
5.358204441254002526e-02
2.356121952897188843e-01
-2.942911943968640753e-01
2.272025362637798973e-01
-1.321029005365744746e-01
-1.033619841358776326e-01
2.387784217022260735e-01
-1.598746112016989351e-01
-8.298832851823766121e-02
-6.097364994936486926e-02
6.154028604466912356e-01
-2.831611718277089462e-01
6.127197226910158223e-02
-1.062352387101255652e-01
5.454436201615749935e-01
-2.713975685623392642e-01
-1.144017263453309119e-02
-9.368554288245335704e-02
4.289394369269148299e-01
-2.707127888342500954e-01
-7.033038208928923951e-02
-1.381580694202849402e-01
-1.361015837335999012e-01
1.322581026947363680e-01
-1.349525361891709130e-01
-1.447247547951161506e-01
-2.779488897669574188e-01
6.766072857571598931e-01
-9.976350087138415035e-02
-2.299467785454602786e-01
-2.711816688318558488e-01
3.204728462185331139e-01
-1.026717249576029195e-01
-1.974094592609306198e-01
-3.031755831165988124e-01
1.580079599730378759e-01
-1.295452079042949678e-01
-1.960632685519672069e-01
-2.520770843873787470e-01
1.211843048158293412e-01
2.224866239754488828e-02
-1.461157369001430950e-01
3.103647136896596770e-01
1.294164188660345237e-02
1.185299511076144535e-01
-1.123963609644509781e-01
1.790200239491498424e-01
-1.184812313908418513e-01
5.374703503774237723e-02
-1.318631403005161296e-01
-3.051270988867255118e-02
-1.257464671543448709e-01
1.416879084056715532e-01
-1.225388342487396670e-01
2.021462018806394756e-01
1.109582664335161464e-02
6.172756812624555223e-02
-3.142631886156321830e-02
-3.116484746331264679e-03
8.844758298624363912e-02
-1.645806026066539141e-01
-3.385305687122251717e-02
9.702993873661816537e-03
5.395438000681679336e-01
-6.576290370338085112e-02
-5.825984138800450324e-02
2.170655132419254674e-01
3.558813658696653726e-02
-7.100183603988083347e-02
-1.317967941943737342e-01
2.732091009163698653e-02
-2.971688293161499628e-01
-4.760946726708993604e-03
-5.179400580793445258e-02
2.614810903448885337e-01
3.644647916796991960e-02
-3.279536919718388233e-01
-7.154966368110035613e-02
-2.721281602507923635e-03
4.174529639097177558e-01
3.462829966739267712e-02
-3.559253410165089671e-01
7.981560312987751038e-02
-4.026943452939336053e-03
2.526638398424040366e-01
-2.793602953391002494e-03
5.024518214820983264e-02
-5.938422688639188873e-02
3.069665152455105031e-02
-3.723181194927746573e-01
-5.866335310103912293e-02
-1.045715119177123391e-02
-1.128459191772536174e-01
3.007336784491534964e-02
-3.658017537555161014e-01
-5.842385763584995173e-02
-3.946494744121969989e-01
-9.490133531676527012e-02
-4.550594517786402116e-02
-1.223958634803095497e-01
-2.414762491243051951e-02
-8.122380197663224555e-02
-3.074162414502863705e-02
-9.699528910020456529e-02
-3.421639656320150102e-01
2.324066282397156333e-02
-2.107754156933033529e-01
3.639862758868057154e-03
-2.134969394660006514e-02
-2.053480723604771407e-01
-7.669532060125252605e-03
3.243052233475958446e-02
-1.968876472873999292e-02
-1.033018625562780179e-01
-1.472806614845987017e-01
-1.665806358497299855e-01
-1.395950273372695283e-01
-8.740183529742444335e-02
-3.078098346136291536e-03
3.196923207652439813e-02
4.744664811660687445e-03
2.672912686668256488e-02
3.256161644016066642e-02
-1.161170363086006518e-01
2.864644856484791502e-01
-2.147365958812939568e-01
3.461790184874388721e-02
7.213830101418031160e-02
-5.608518042647835794e-02
-1.436904533859996724e-01
-2.029965067052552641e-03
-9.410423465187595093e-02
-5.641959219672301740e-02
-9.585095817301607368e-02
-1.198944033411579735e-01
3.557191987378535616e-03
5.987975170875200689e-03
2.365761735638639007e-01
1.522819767194220075e-01
-4.191556733919573480e-02
-5.019930744762755859e-02
-4.433378406487491208e-03
-1.450852397619342982e-01
-2.665779341059800606e-02
4.032561288899519925e-01
-1.048300688262756158e-01
-8.970704168711343685e-02
-1.699351733286275090e-02
-4.432599446082405303e-02
-2.855736190682373610e-01
-1.001455107683442980e-01
-3.063245222274005308e-02
3.056877585275118506e-02
-7.054862162655359259e-02
-8.739693337388559913e-02
6.417582383544884195e-02
3.786563254336732399e-03
-3.548764892888030265e-02
-4.469056859943622284e-03
1.933933985828354407e-01
5.956511464814127077e-01
-4.261185179569518255e-02
8.762032859423740661e-02
-4.781177809038212462e-02
1.209117636527131945e-01
4.746734029142758368e-03
2.565008963433396127e-02
-4.943570881456829658e-02
-8.227774401514985347e-02
-3.708433582502072556e-01
3.956121760154290845e-02
9.028819717210591692e-03
-1.252236385868540913e-01
-2.130399920190507723e-01
-8.202413439072475665e-02
1.241126551828802826e-02
-1.257704317481677381e-01
-7.416209945114274338e-02
1.414057537801567330e-02
-2.738975064647274429e-02
-2.531550046628737449e-02
-1.422385445467997875e-02
1.562798595283261711e-03
3.274320043970103435e-03
7.454279295872260139e-03
-3.108791665894626230e-02
-4.100387844896762751e-02
-4.416937135138430948e-03
-3.914962784645580757e-02
-4.207154214105864737e-02
-8.350476923400274032e-02
-4.291913273496313769e-02
-5.004929997367321692e-02
2.035832824339652292e-01
-5.225548779353825224e-02
6.862831464141523619e-03
-7.144081983496605726e-02
-5.811856338455801546e-02
-4.081688570004707306e-02
7.125734797098295242e-03
-3.750253271968524357e-03
-7.067730049743413401e-02
-1.142349243984474294e-01
5.097621861585144298e-02
-1.393277579830068946e-01
6.145625217678862828e-02
1.389336882447251564e-01
-1.884067858203539170e-03
-6.094064055595417584e-02
3.637511233675744075e-03
-1.553401613476828279e-02
-2.810144864593807149e-02
1.017098322794568466e-01
-8.857091849509290959e-02
9.982905631268801372e-02
4.805701646067329219e-02
-5.375076128856089153e-02
-3.732880152332774398e-02
2.708449721374383001e-01
-9.104849646888936443e-02
-9.869994969357825942e-02
-8.836580226962514883e-02
2.281239450259331392e-02
3.387077368583781833e-01
-8.544063054224998455e-02
-1.789601345929341669e-01
4.859776677212521157e-02
1.167591464953272873e-03
-2.553284101104404819e-02
-4.233179168925087221e-02
9.878216204022155500e-02
-3.637224298339639811e-02
-5.066955983991351664e-02
-5.790826690475014971e-02
-1.636647684207582221e-01
-1.525198850028401110e-01
-1.450074454065215512e-01
-9.924280994690445890e-02
-9.623296034256251241e-02
-9.422270785409400662e-02
-8.422229347088704132e-02
-8.323439760932310749e-02
-9.396231452695305575e-02
-6.306615225778845757e-02
-1.032539215174609060e-01
-5.629327876195163588e-02
-1.497636539025160585e-01
-1.768550135473662410e-01
-1.655235306947438201e-01
4.387053766929444563e-03
3.889296776259432153e-03
5.610420904262857812e-03
5.484776923618960194e-03
7.804594175298755765e-01
6.781772344459197077e-01
7.114592985686317705e-01
4.350529179667933510e-01
-5.566506247104037464e-04
-2.919595291237097115e-02
-4.114807226803857826e-02
-3.255897012687166553e-02
-4.778275061010322372e-02
-4.382025322528985967e-02
6.778490746579157733e-02
6.157168846528317252e-03
-7.681540814453945154e-02
-1.459819619676923919e-01
-4.656934617957736444e-02
-1.028298146648075756e-01
3.480646249650776181e-03
1.257029371386787775e-02
1.240651788578410464e-01
-1.197048985205951266e-01
-1.094603707649265678e-01
-1.030917113696300097e-01
-9.693526608864738714e-02
-2.250117528439549153e-02
-2.128945329060577540e-02
-1.364201056446819049e-02
-2.337727951061974174e-02
-1.894060122528084811e-01
-2.856700090019440030e-01
-4.642228662649428017e-02
3.953517222209979032e-02
-7.076020425976346784e-02
-8.999212521194510650e-02
-7.536382410778356966e-02
-5.387346459567077944e-02
-3.032704607207916195e-02
1.075852938315859098e-02
-3.050915161514160603e-02
-6.286880072435326733e-03
-4.936264375614415889e-02
-7.785415114269172987e-02
-8.261753687516122657e-02
-8.356894125962992248e-02
1.822839803671543260e-02
6.497775245365026986e-02
-4.320131482841847725e-03
1.454794474005540947e-02
2.070561268576788256e-03
-1.403477322935939124e-02
-3.059405618985307565e-02
9.203495684208480576e-03
5.485120341597055776e-03
-2.836142671730150933e-03
-1.100998358352156710e-03
2.678136038721713463e-01
6.314341394211772096e-01
5.130556752600777815e-01
7.198865787362176416e-01
2.433489165976267521e-01
-3.977912487935186814e-02
3.141728510239433225e-01
1.481491261305706297e-02
-5.990860255263969619e-02
-6.067993838939176460e-02
-5.890279452359224038e-02
-6.249322777352295938e-02
-2.065362985315472022e-02
-7.591629006797077570e-03
-1.849557990976930660e-02
9.101842071207169246e-03
-8.487319206662400847e-03
1.438663491545116684e-02
1.316762719865863414e-02
2.739933402503008653e-02
-7.584692362725864445e-02
1.582756198882644127e-02
2.632057436093633573e-03
-4.540601104804201649e-01
-4.201358790211379146e-01
-3.670117119182185750e-01
-3.010349966677079436e-01
-2.304549227782157206e-02
-2.077132965347856797e-02
-5.385103452934504598e-03
-8.726296586700828251e-03
-1.130660548111590974e-01
-1.454338013801442508e-01
-1.451388776293384975e-01
-1.947328432665186848e-01
-8.406577741094239942e-02
-6.440075014861558478e-02
-7.294034048337123821e-02
-9.995327729265805761e-02
-1.102884207682032075e-01
-1.324771699517560408e-01
-1.242439636255958102e-01
-1.083137296633741309e-01
-4.320367138088960363e-02
-5.181696139063785012e-02
-1.612075399908768220e-02
3.802171315192518809e-03
-2.172950215799951141e-03
-1.078102986373517466e-02
-1.907172091172575079e-02
-2.640631066357813569e-02
3.211744753290112636e-02
-8.029419031324498690e-02
-1.333894105750616788e-01
7.252545278290630990e-03
6.565263786927938612e-03
1.281185777639323037e-02
1.286009355828998495e-02
4.189262882594226890e-03
3.983641557964122393e-03
2.612803077375948010e-03
-1.165794238898689838e-03
-3.382470448624063514e-02
-3.130996924276424620e-02
-3.452594680696996488e-02
-3.760660284955032184e-02
7.603244597166946639e-04
1.092995949640561751e-03
-5.192918116610520211e-04
-4.501985616403458845e-02
-4.362990767766890959e-02
-4.914527825777046527e-02
-3.195871460364313466e-02
-1.333214670056986628e-01
-1.022441134805481960e-01
-1.354707503509368360e-01
-8.534120480320087077e-02
4.516271755798188445e-03
1.236433410739699520e-02
-5.203392306025410308e-02
-4.000268155993298713e-02
2.272374048896070864e-01
-3.048291558997530404e-03
1.312634515383132028e-03
-4.156381196448750981e-02
4.114434581005861624e-02
1.414300556825641431e-03
3.309725150176995312e-02
1.995809497729567061e-03
-5.959934386878098372e-02
-7.145424042036331580e-02
-1.525767741537674693e-01
-1.453615238216454664e-01
-1.042464496086121205e-02
-1.263242736980762799e-03
7.335684801089145841e-03
2.179062470295041465e-03
8.463199503211848301e-03
-2.026106407093847088e-03
3.809995095068775817e-03
-7.729922512592704575e-02
-8.829819811011212216e-02
-9.732872595237972158e-02
-9.744518164574669794e-02
1.184564704638850219e-01
6.411906465250757914e-02
2.941303043558374242e-02
6.397160225986031623e-02
-1.855525056267234019e-01
-6.034687821338191593e-02
4.286503551864873085e-02
6.968088495831070706e-02
7.024366347918267750e-03
1.345602295145191807e-01
8.998829883378044181e-02
4.517545343262152624e-02
-3.221103746923545397e-02
-2.665554590380138020e-02
-5.846192804999679471e-02
1.083957756028607403e-02
-4.359423988885784314e-03
-5.404940447013540337e-03
-7.283545689065628985e-03
-1.033875206409385662e-02
-1.857109395830577186e-02
-2.022685906350408375e-02
-1.157564336647854027e-02
1.039048514899276188e-01
-9.774506057916426682e-02
-1.184452006906709653e-02
-4.845750244081031832e-02
5.764893685085222819e-01
4.525559517042986313e-01
2.717807620168056770e-01
7.195192312822190628e-02
4.937409931086044618e-02
1.207714732179190203e-02
3.080860695222002385e-02
4.094468859518515802e-02
-5.727395282922864705e-02
-3.343778013938991656e-02
-3.465219176764934572e-02
1.665291494710376130e-01
