-4.507996528588797958e-04
-3.581704892322568057e-04
-3.348249695324101438e-04
-1.619367145598848978e-04
3.683491832662255661e-04
-3.434332880548618405e-04
-2.761201430513393618e-04
-7.801983967398173903e-04
-5.179073915844156772e-04
-2.464472367367243066e-04
-1.757736150818089982e-04
1.979011730836033323e-04
-5.997102138911580838e-04
-1.902274057726804912e-04
3.764732998046138590e-05
-4.309566246174512116e-04
-3.074735288720598092e-04
-2.384380279469855424e-04
-1.121364570023652973e-04
-2.828711821368790069e-04
-8.506090538284993841e-05
-2.875604480220284032e-04
-1.514208062239896790e-04
-4.898524137597615180e-05
-4.204081341347976064e-04
-1.187349289044625777e-05
-4.673200330040927497e-05
9.289271496681905660e-06
2.013731684580299941e-05
-1.867415410550243848e-04
-1.913169161192884715e-04
-5.979208164397231684e-05
-3.558058044933476438e-04
1.068707116049116834e-03
2.646470346068241497e-05
-4.494717239332812753e-04
6.898646409911890487e-04
3.775316552336871467e-04
-1.035853355118909747e-03
-1.729533670596916650e-04
-1.913375186599619582e-04
1.412534400945908430e-03
1.298472384720805728e-03
1.045610651865924723e-03
6.794564446992445994e-04
3.802872213226615727e-04
-1.031702694307412571e-04
6.037456537133500944e-04
-1.365904823574126681e-03
-2.542631159152541898e-05
-1.415463663974048103e-04
-1.051269632034057544e-03
4.833496095879574739e-05
-6.358642600536867917e-04
-1.559802258821463283e-04
-1.661637560240736278e-04
8.255143645361506799e-04
-2.418997444781911810e-04
-1.107314363829603465e-04
-1.022150634718554940e-04
-3.716583848197840823e-04
-4.086179117148702744e-04
-2.261685764181065039e-04
7.803985889626163797e-04
4.091024269390342027e-04
4.569018064030094806e-04
4.739487348087711993e-04
4.228764183508149088e-04
-3.030587571521969892e-04
5.537234153438763684e-04
-5.298428810701638625e-04
-2.824470473054008224e-04
-4.441804217971689894e-04
-2.513751101745897998e-04
-1.706456016278279364e-04
-9.392802671271960335e-04
3.395433241253353884e-04
-1.240494636963407338e-03
-3.898425978776653977e-05
-6.375411939139041806e-04
-1.007673198054614971e-03
-8.653884770152275863e-04
2.286319723194818465e-04
-1.506709543365181148e-04
-5.161509218731819004e-04
-1.359742869058155890e-04
-6.754957891801360859e-04
6.065881403320982912e-04
3.887030256883861057e-04
-4.196897629057394496e-04
-1.172976085681787239e-03
-1.947867732241537198e-04
-2.055151791295894981e-04
-1.098506889866013303e-03
4.691667027101331655e-05
-5.290096234067398484e-06
3.077071385504392964e-05
9.174271981438053558e-05
1.388882210087150071e-04
2.080838951241670287e-04
-2.299189696979286879e-04
-1.605447228285594718e-04
6.350421202271361309e-04
-3.231787237160110848e-04
-2.287652075722013123e-04
-1.979095026306554317e-04
-7.957099487332364163e-05
2.658321207706926259e-04
6.066054384070707073e-04
-7.525555344334300401e-05
-2.109631610168749560e-04
2.672863502776179345e-04
2.663940534288755657e-04
-1.923361326769956747e-04
9.738541883552720435e-05
-2.669456226835897894e-04
-1.292820234810920788e-03
-2.487048285593207453e-04
-2.551385845492859517e-04
-9.742028851966733072e-05
-8.961385287697964941e-05
-6.663481023365669387e-04
1.744398529730517566e-04
6.370860556370594452e-05
-3.164726765378933493e-04
-4.334291059605588359e-04
-3.807999774467774046e-04
-3.279324303540054331e-04
-1.787457913073886573e-04
-2.715324949935649101e-04
-4.212923749703501031e-04
-3.252426998933133362e-04
-1.931539187564057514e-04
-1.625100400501899855e-04
-4.044466358623655111e-04
-1.388274950222534443e-04
-1.457888287005326688e-04
-9.571590200752044808e-05
-1.388328656977133591e-04
2.525340290016053757e-05
-8.018251436647805264e-05
2.351466141825575562e-05
-2.022733301410006845e-05
-2.746098023387322229e-04
-1.915714268715396074e-04
-2.469228679928825443e-04
2.686738838482138902e-04
1.070017500572895131e-04
1.825104392304544021e-04
-5.142739575569876820e-05
2.239831240036238569e-06
4.230275384529136318e-04
2.404514724210216059e-04
-5.048900551118951086e-05
2.720195065817332392e-04
3.305701496755242275e-04
-1.094149524960563724e-04
-6.204168804274656779e-04
-6.827292250730643275e-04
-6.717005929666175490e-04
-6.048908774651806652e-04
-2.896611189131537145e-04
2.735916549161387934e-04
-1.980147756641681411e-05
1.100579725010764065e-04
-9.717714074607419761e-04
8.308903143705581584e-05
-1.355337143074120121e-04
-3.597087973109536208e-04
-2.429297869470659066e-04
-2.535358680711974344e-04
3.198298163703539032e-04
-7.888079013109727811e-04
-1.019592424040816070e-04
-5.543695633408729506e-04
-1.022806442430579388e-03
-1.500830484622017735e-04
-1.958523243579257667e-04
-4.124694926679328688e-04
-3.025951378556879234e-04
1.175993972208910776e-04
-2.597659383992700910e-04
-1.406776309609281128e-04
-1.513289451728905277e-04
1.134572503709740943e-03
-1.138906324849919827e-03
1.511173479118332885e-03
-3.739418976518305016e-04
-1.517297921259652682e-04
2.238579565281284545e-04
-3.254666947087869744e-04
-2.074765083451945991e-03
-9.304416705988582947e-04
-1.688380979993908682e-04
-2.397740452394492294e-04
-5.047702590477154416e-05
-2.374358630633621736e-03
1.132348513167569237e-04
9.508576162364779094e-05
-9.253835185740744151e-05
-8.645513244454061663e-05
-1.294515963830011884e-04
-1.078782606201977856e-04
-8.312618865835563753e-05
-1.523513294291456432e-04
-1.092491674500317700e-04
-1.450323156753086096e-04
-1.412648655009229870e-04
-6.224571385724519956e-04
-5.787073293073152769e-04
-2.709995466296799549e-04
-2.374474500899115270e-04
-3.114412036228086933e-04
-4.820743954903061734e-04
4.283792680404019393e-05
-1.414022331736042304e-04
-1.278301023939221182e-04
-1.451630744172538456e-04
-2.942815233852869028e-05
-6.116498159436378756e-04
-1.456928550825908886e-04
-3.088861554974009493e-04
-4.153541667362148360e-05
3.449685527017187781e-04
-1.276361933615355326e-04
-5.527338345618915127e-04
7.063351806213535866e-04
1.328824953547469434e-03
-2.413724925304228108e-04
-2.294497907523451730e-04
-2.325241715795955955e-04
-2.287487175984814769e-04
-1.784677900264375339e-03
-1.123863579002959412e-03
-8.020456398935005282e-04
-1.919176942616340753e-04
-6.568423574700998913e-04
-2.551653136599885130e-04
-3.539385918066573211e-04
-3.205688548469920462e-04
-4.008760712392867021e-05
-7.841540771780231012e-05
-8.611786593604175977e-05
-1.189831241119598815e-04
-3.946588084724478307e-05
-4.797870811257265444e-05
-9.396335588951476581e-05
-1.307582514336047552e-04
-1.632793407830845922e-04
-8.437055372656487862e-05
5.834558240946918772e-05
-1.926938973125791321e-04
-1.290840029113393683e-04
-2.501911056458361315e-04
-1.677973141795963130e-04
-1.198760400883402966e-04
-4.148456746524420424e-04
-1.697255065334912771e-04
-2.399519466588229122e-04
-2.385214351842135372e-04
-2.455372440123282374e-04
-2.207452574315427185e-04
-1.835572775603644402e-04
-1.709824703357565312e-04
-8.400180655965261423e-05
1.350780341105028981e-04
1.801730703765436203e-04
-6.922643321810584283e-04
3.608063835240926664e-04
-1.299166429084008811e-04
3.253278674534287873e-04
5.957871531002689736e-04
5.566246308541522581e-06
8.956457112049287517e-04
-8.196445353544357104e-04
-1.448681146989927448e-03
4.222966729032773259e-04
-8.331644763159840039e-05
-4.655060770656360702e-04
-3.296269880298519084e-04
1.516709830823304017e-04
4.111523771531677696e-04
-3.637172668420340926e-04
-3.483428141358713148e-04
-3.355962842686022185e-04
-2.983486997527595719e-04
-2.613395338159074655e-04
-3.462460146312906772e-04
-2.982784581704311933e-04
-3.685800281929552114e-04
-3.668514934944688832e-04
8.872469137277683160e-06
-3.679520709325423411e-04
-3.617567335217897195e-04
5.647216682802547183e-04
-3.735619988332050667e-04
-3.194075712764643526e-05
-3.733235802541035042e-04
-7.073451676176123470e-05
-3.614533918291362724e-04
5.637786309012904340e-04
-3.472586222579288062e-04
-3.816788674601001574e-04
-3.892014624622408547e-04
-3.431948694757602780e-04
1.968531089985292581e-04
-3.792173487950911692e-04
-5.051005857378276787e-04
-3.861669440473614046e-04
-3.801639318198324347e-04
-5.105175171207232410e-04
-6.053467341353702125e-04
-3.358021207007233500e-04
-4.282070483316857690e-04
-6.308351467358974674e-04
-3.786614059401172128e-04
-6.632051159831675591e-04
-3.645929369501255124e-04
-5.936464955302866997e-04
-5.201546398567735707e-04
-3.541550328227671685e-04
-6.286851625436629121e-04
-7.914430720616927317e-04
-2.662151350810715300e-04
-1.038167299327708015e-03
-4.175743748637827935e-04
-2.319914320425553456e-04
-7.045448184480607168e-04
-3.098563719942104555e-04
-2.481090754986592373e-04
-1.734734233024282091e-04
-3.125946400081014431e-04
-2.049816638447499173e-04
-3.814074365799946520e-04
-4.347316484445418183e-04
-2.286447078205799954e-04
-6.072168534869692991e-04
-3.322063409620934493e-04
-2.191657964782933732e-04
-1.346863571594081321e-05
8.640001353433790499e-04
-2.737217746769937676e-04
-1.814254193980291419e-04
-2.020411050446258017e-04
-3.395490528945721564e-05
-2.959578528239914519e-04
-1.853451433697639317e-04
-5.820023159240905741e-04
9.337269327929220708e-04
-2.563136727568027240e-04
-2.060510018048189451e-04
3.315855272001400067e-04
-5.755089552893499771e-04
-2.985822300171081523e-04
-1.960055106701164007e-04
-1.197731840056892594e-04
-1.203922572978743943e-05
5.689383139875214823e-04
-2.045065995094352829e-04
-1.902132231893505221e-04
-3.711806873535339335e-04
-4.821120225722008712e-04
-2.976863875224777800e-04
-1.588370318511556079e-04
2.332591371957404291e-04
-3.467168619862848189e-04
-4.662764792873197450e-05
-1.681424477276705076e-04
-1.266642761017511276e-04
2.641108861911600769e-05
3.619143257878043585e-04
-1.887220055815097552e-04
-1.980633080704841120e-04
4.815370286714859560e-05
-3.918127585603725649e-04
-2.522641025578531426e-04
-2.063430352254869149e-04
-4.057084034192470767e-04
-2.134497403830648565e-04
-6.032430646674136199e-05
-1.405000751353302491e-04
-3.468119230893851324e-04
-4.697468386059000522e-04
-3.344730902864467836e-04
-1.824617450572052491e-04
-2.036501892731523711e-04
-3.792421683159741264e-04
-2.848029201365509522e-04
-2.607932955300817923e-05
-6.247582230134440806e-05
-7.424208550843580667e-05
-8.704846120111131569e-05
-2.892697228488172456e-04
-3.035925658240179459e-04
-2.201283349093641206e-04
-2.082362012749694458e-04
-3.034864376294521549e-04
-1.737856291096351313e-04
-2.296409298869761528e-04
-4.784388901069025479e-05
1.526636271487191721e-05
-2.826702340193998353e-04
4.745617535906188067e-05
-2.898604508277946579e-04
-2.874975389117739866e-04
-1.249993218478406831e-04
-2.211054860776773268e-04
-2.054822190352689759e-04
1.863804197471674584e-04
-1.473393252126031783e-04
-3.000634820219394427e-04
1.368963960035607386e-04
-2.329579462735376083e-04
-1.549953120877356483e-04
-1.601273013415172031e-04
-1.793977599872098594e-04
-1.617583307794712155e-04
1.547884263737309141e-04
-1.866103521589446146e-04
-1.387143799493895102e-04
2.908602707467622395e-04
-8.737839523742518821e-05
-1.025343605707274008e-04
1.848674981103082260e-04
-2.241470957842217615e-04
-1.707923157759916322e-04
2.816829282742405738e-04
-6.264601330141505997e-05
-2.058480396841533278e-04
2.928799785578695136e-04
-2.116318932042782208e-04
-1.355588794221818105e-04
-7.769407761715196870e-05
-2.231298410231286056e-04
-9.702878804196402029e-05
-2.362674412141885227e-04
1.772788785061596428e-04
8.932700115804603769e-05
-1.554203072270388120e-04
-4.124807163796706533e-04
-2.131173621894300041e-04
-2.230210274907218349e-04
-2.290340053213713034e-04
-2.196196192927324375e-05
-3.951586548278651634e-05
-2.479690224882480365e-04
5.377163582429567157e-04
-3.101193689137859977e-04
2.330101015313168489e-05
-1.470107338451542844e-04
-5.060410223389766315e-05
2.990103928551812729e-04
-2.610523365031980347e-04
-2.097806035703531080e-04
5.952290594746223462e-05
-1.532603574319058026e-04
-5.088366074605943368e-04
4.139175110444703876e-04
-3.391869345121811818e-04
-3.659164077152166072e-04
1.244410068956813831e-05
-1.581461654804883210e-04
-6.537719002375208532e-05
-1.932065365229940213e-04
7.211564081637256152e-04
-4.109998945288628747e-04
-7.724603577974331614e-05
-6.337300746472873669e-05
-8.921195664213232845e-05
-2.392053668833771241e-04
-7.624536996454489568e-04
-2.742072347693413903e-04
-1.232829557292758338e-04
-5.710211000298226480e-05
-9.183101536636151252e-05
-6.001945724950497052e-04
3.280538102670149669e-04
-2.475008082641894092e-04
-6.620841249781461713e-04
-9.516288567068542648e-05
-1.875749045933128301e-04
-6.918125035171307502e-05
-2.754272626775966515e-04
2.297309659085033928e-04
-2.061227750296268368e-04
4.446252378498272151e-06
-1.095276050615545671e-04
-1.197749568285777499e-04
-8.236045195392227569e-04
-2.125042588468906146e-04
-1.108233083902065985e-03
-5.088441289062828332e-04
7.018662991986612809e-05
-2.583685958457149212e-04
-2.393536126740203329e-04
-3.103378562867575852e-04
-4.702706294680281118e-04
-1.250765517789131920e-03
-2.764456189270347863e-04
-7.940507306014588096e-05
-1.324115716749840743e-04
-1.218008434163975195e-04
-1.900300356549866621e-05
-1.077817658171831283e-03
-2.957943229615622727e-04
-5.083274418360428371e-05
-5.720704744297533395e-04
1.326522976444755031e-04
-2.839808648700259397e-04
-1.118521862077948015e-04
1.341305907776035866e-05
-9.198954875067055781e-04
-3.174290361920295567e-04
-1.090761831691100525e-03
-4.775917939918716826e-04
3.607976039696758619e-04
-2.136314286288465425e-04
-2.515583822695344196e-04
-2.631841946654223108e-05
-6.952810378065832353e-04
-3.341761685510258317e-04
-1.010295561244323181e-03
-8.518788251918874010e-04
4.536527764150699582e-04
-2.899094185351280828e-04
-2.301007101503937946e-04
-3.668430918879472813e-05
-6.954403506888029440e-04
-3.655824978789912194e-04
-3.666646757536362600e-04
-5.045838339606811829e-04
3.907805131145858368e-04
-3.241348943965327578e-04
-1.555228897760496665e-04
2.046945385925091898e-05
-3.006101306083364122e-04
-2.941005733869683780e-04
-4.333853199551818136e-04
-3.769720623194583453e-04
-7.381024224301091508e-04
-3.814656985557940416e-04
-2.484706791673341186e-04
-1.749593224416035042e-04
7.361020465512790878e-05
-2.653711346052300968e-04
-3.321247911078906156e-04
5.632696939569248329e-04
-4.778720889866416854e-04
-6.108500514805381698e-04
7.350179392331401829e-04
-3.288542982713416052e-04
-2.603078552911863852e-04
1.354833715777603587e-04
-3.708102195703055770e-04
-3.892189495110498498e-04
-8.503694617012502732e-05
-2.286668420036219729e-04
-6.255145669181727541e-04
9.586332925554108542e-04
-2.291570014372190656e-04
-1.788265330602278880e-04
1.462139804603301840e-04
-1.849013185126757719e-04
-3.112525284989509089e-04
6.854503516319221390e-04
-4.884746244649962321e-04
-5.495275089442142047e-04
-2.771994466145288882e-04
-2.022806251120723431e-04
-2.829487561911703253e-04
1.958575582664545678e-04
-1.690741768346493146e-04
-4.623503030045661433e-04
-6.078782134955051930e-05
-4.964055878659001664e-04
1.014423240065176479e-03
-2.440297974642957612e-04
-1.805479764670492315e-04
-5.108609624060456156e-04
-8.593370117948584408e-05
2.049095126726019345e-04
-4.464724207964287928e-04
-5.606729061826687399e-04
1.284335446971485162e-03
-2.262711589671173584e-04
-2.218539952963949347e-04
-1.698818406914437418e-05
-5.382130744007174172e-04
8.482565450229628823e-05
-9.450986770920266622e-05
-4.621889761190489665e-04
8.683045618883555861e-04
-3.964761034361830028e-04
-6.156807130450747678e-04
4.920359124668260975e-04
-1.876012682577865576e-05
-4.733381601839115049e-04
-6.382043664522329962e-04
-4.908375363809058811e-04
4.696839537521313446e-06
-1.335128204477120661e-04
4.196712265751578741e-04
1.538702085156495869e-04
-4.028819244135117827e-04
-5.220001286611042346e-04
-4.734961303971552127e-04
-1.036974169650317634e-04
-9.911916758931216265e-05
3.653153361858896275e-04
-3.335411199990589992e-04
-5.029492588767281447e-04
-1.022222238822201312e-03
-1.896069699580671397e-04
-7.420730038454337318e-05
-9.961018733084525678e-05
2.474570421118205132e-05
8.290675641708933341e-05
-3.024534164357550736e-04
-5.139690268686214480e-04
-3.106356383302255608e-04
-2.516478837235602839e-04
8.835804276985381733e-05
2.594134275257786726e-05
-4.516589697600714715e-05
-5.678285790475801065e-04
-1.237491559500369931e-04
-3.392334580619715823e-04
-2.029151913033322430e-04
1.646431239676893199e-04
8.198389142477502389e-05
7.048681435534165374e-04
-1.583063386708660758e-04
-6.336881658786097660e-04
-7.074419169832424359e-04
1.882711938460124301e-04
-1.890104933564007439e-04
1.835448876532641549e-04
2.897561476626897559e-04
-2.055283124311468868e-04
1.560986270702224843e-04
-1.134357795810059244e-04
-3.315355947713927165e-04
-1.107149322178146988e-03
-1.498821525514060227e-04
3.528398791052822503e-05
2.499491090673933158e-04
-6.265258840828513698e-04
-3.041943608945718580e-04
-1.312039535272813140e-04
-4.629195159281396244e-04
-2.224207640626474358e-04
-5.109619611056714916e-04
-1.892435934666147901e-04
1.067953790575559836e-04
9.710049655997643470e-06
5.292540303274417823e-04
-1.145653303575411286e-03
-2.571024745418037938e-04
-3.432176749933457671e-04
-4.898501784291742212e-04
-2.103788529950190167e-04
-9.719073405511924335e-05
-1.701317763688203755e-04
-4.598838239655567151e-05
-5.583722842491534166e-04
3.307499606849395590e-04
-1.205185933945474019e-03
-3.543932102214597535e-04
-5.159058421565498875e-04
-5.980223622059632760e-05
-2.909412860335747197e-04
-1.477195174184320337e-04
-2.001299695855163208e-04
1.763469082186608361e-04
-5.580760338482759764e-04
-3.844742959613345334e-04
-1.213535902682805201e-03
-7.265949913690672446e-04
1.314785918116179175e-05
-3.189373106947668290e-04
-4.309643350369762871e-04
-1.951076541721885604e-04
-5.818283380977229413e-04
-2.027036062483000833e-04
-1.086044988887202578e-04
-5.547960055626299791e-04
-4.162347075120642614e-04
1.207333304859004031e-04
-8.622952664705252346e-04
-1.502036526273009542e-04
-2.717918095003213352e-04
-7.582879437362244346e-05
-1.802082658012293948e-04
-2.309818877008762428e-04
-2.253498256172825620e-04
-1.191438840765224327e-04
-8.560065165130747999e-05
-4.864347964741444486e-04
-9.502923246995642614e-04
-9.490111605040540965e-04
-3.537109667852700312e-04
-1.109377029692160121e-04
-6.419045015625401973e-04
-3.019433257961390282e-04
-9.331197148403358455e-04
-2.610565534834075052e-04
5.979776556030991230e-06
-6.358913347582761943e-04
-1.714025448071865299e-04
-7.221541096660288872e-04
8.997115500508634511e-05
-2.939922025091412650e-05
-8.815631890457531483e-05
-2.522436889909052127e-04
1.185813186138084951e-03
-2.269431956198886269e-04
-1.210441414176699482e-04
-9.399249680408505725e-05
-3.131275361651919553e-04
-7.652500406615247996e-04
-2.217976951170985700e-04
-2.164904375747678245e-04
-8.616277328310495420e-05
-2.373443006200570693e-04
8.921889675485017435e-04
-2.507832807070453640e-04
-1.284102978489354285e-04
-9.994764281306967035e-05
-4.392822039879229479e-04
-4.630793111711772880e-04
-2.322792484830138449e-04
-1.484432071162666844e-04
-8.564760535534343688e-05
-3.273012208350190022e-04
-7.970210369431240949e-04
-9.442320997777864378e-04
-1.328841918529777288e-04
-3.343638466000165010e-04
-2.953653520221255491e-04
-4.431064367026449347e-04
-7.881577253073812628e-04
2.448222493085516760e-04
-7.473818253844743964e-05
-1.365787673142104808e-04
-5.682842393917031387e-05
1.180520782513516664e-03
-6.476642068963256449e-04
-1.135634228310866689e-04
-1.245554969906415010e-04
-3.198522240873691302e-04
-2.381615197785125204e-04
6.917845883580575617e-04
-1.346674428813754432e-04
-7.902439849349907064e-05
-1.436103425748180840e-04
-2.244501962964662312e-04
7.188905713542137477e-04
-2.465389411676621734e-04
-1.151237805327998132e-04
-5.141208183051526603e-04
-1.746595263948380605e-04
-6.141664487393505567e-04
-2.412057626158814472e-04
-7.373195516247044168e-06
-8.963225244063011132e-05
2.928677651237165946e-05
-2.642377338396562081e-04
7.138294950169710162e-04
-2.433798949945664702e-04
-1.050310945136523344e-04
-1.277564195792946222e-04
-2.793235097974244852e-04
-2.788154331612169301e-04
8.037622148387990606e-04
7.141173511637788351e-05
-1.555308413757616748e-04
-1.947422636774387428e-04
-2.275194998351270925e-04
7.397557426714884699e-04
-3.065734171905365457e-04
-8.654656334161625608e-05
-1.294218039872285786e-04
-4.354497784931909976e-04
3.371054911383009056e-05
1.271128654479980469e-03
-2.290900643202586906e-04
-2.139469389014214684e-04
1.528433212460988955e-05
-9.607951967938177518e-05
-2.777861465870223867e-04
-3.289499785021909872e-04
-1.340561123618355666e-04
-2.295646985015498132e-04
-4.535884202225837214e-04
-1.610171540328275697e-04
-2.727393050397930452e-04
9.369661861514666512e-04
-4.490816631841365592e-05
-8.598573217177829520e-05
2.888195375938540366e-05
-2.280087467537716961e-04
2.808236959332965910e-04
-4.346024213451871177e-04
-9.870236522990794015e-05
-3.039335669521303629e-04
-4.246134715700788931e-04
-1.294738871862044505e-04
8.386227392522815904e-04
9.435209242538711294e-04
-1.679687110817118523e-04
-2.395325236692613657e-05
8.097641329307680991e-05
-2.034303592313158049e-04
5.050191402969916865e-04
-1.890818364270741014e-04
-1.140856820507352154e-04
-6.003893418355943368e-04
-2.933700335777666979e-04
-6.064647787684673830e-05
2.127870502056650182e-04
-2.407654834045702685e-04
-1.259680390556239260e-04
-1.716014789212572111e-04
6.746144300084910839e-05
1.810107354554002512e-04
-2.025397756455493692e-05
-1.226457042005080211e-04
-1.629632635895550408e-04
-4.014048893890009850e-04
-9.174591986638169772e-05
7.957776365964397414e-04
1.005867382688929723e-03
3.934156191587323548e-05
1.559299228592880837e-05
2.494025126876797671e-04
-3.835343218675513199e-04
-2.270856405810484091e-04
-1.854424074498872699e-04
-1.432323533459012310e-04
-4.236881624203325813e-04
-9.256442948701870677e-05
1.033100285394050744e-03
8.255462753485875993e-04
-2.810103570538569073e-04
-2.578858659441074508e-05
5.165387921449715591e-04
-3.599166999530556410e-04
-2.860765106795781776e-04
-1.907099915536836221e-04
-1.641518108391748498e-04
-3.814916195652440223e-04
-9.601440759221535615e-05
9.621521894276341413e-05
-8.874041059927506581e-04
-2.408722829336795712e-04
-1.184560809910362167e-04
1.769469826731207007e-04
-3.399739634741827388e-04
-2.530590831196777302e-04
-2.130546420527901219e-04
-1.233119922304792837e-04
-8.366668008595867789e-04
-9.273437930668038121e-05
7.875814931512792327e-05
-1.004094045056747042e-03
-3.622915914754942790e-04
5.764396873213506467e-04
-2.737638400662767424e-04
3.694068350069690254e-04
-2.570393242511403997e-04
-1.297546123349979652e-04
-4.860935541658450987e-04
-7.674969756943372801e-05
3.233676797276263670e-05
-1.177306706769964961e-04
-5.066870534226053380e-04
5.424036623316030870e-04
-1.473022849050042993e-04
-2.921420018632270299e-04
-2.446610591899656129e-04
-1.037581230983741776e-04
-6.281697534352703727e-04
-4.873374170211164369e-05
2.960542212937511408e-06
-2.618424809570640832e-04
-3.658536875786877474e-04
2.922801974906130695e-04
-6.675568741795201433e-04
-3.816486772637572855e-04
-1.952016137868328727e-04
-9.387616182598979009e-05
-5.835560124880512234e-04
-7.263874990270924314e-05
-3.011117152273978803e-05
-2.685795786396827367e-04
-4.206545043137221995e-04
-1.039767994449602995e-04
-7.781565025387626733e-04
7.361808066537189887e-04
-1.023134290403238111e-04
-9.843281085089028437e-04
8.856234755949543569e-05
-7.960717487276447457e-05
-1.585855309270689517e-03
-5.810594675188518465e-04
-5.152275745200496360e-04
-2.213188439554869547e-04
-8.710028108697143168e-04
7.826688839327466951e-04
-2.311833181791733693e-04
7.514842817368805328e-05
3.304585985985930563e-04
-6.982846748371240864e-05
-1.495626286841078567e-03
-3.160525697132321454e-04
-5.556306595633220269e-04
8.901839320341053963e-05
-9.135481174790127668e-04
8.524552860272871513e-04
-2.484019692274852531e-04
-1.277905333688655887e-04
3.667560544439174564e-04
-9.903651624665332776e-05
-1.303550654719654034e-03
-6.679995975481523018e-04
-5.976871494077773406e-04
-4.754340471736506757e-04
-1.015089612655395435e-03
9.122912580900033319e-04
-2.534016680969530810e-04
-2.180106916838120412e-04
5.064551592141031122e-04
-1.072513202881042460e-04
-1.423143493148537608e-03
-3.136630654533290041e-04
-3.782195428794210557e-04
-1.256196820728971986e-03
-7.784073308784167367e-04
-6.924337150798764995e-04
8.720776239187211232e-04
3.929125153978585416e-05
2.836383843062284527e-04
-3.339939258839574876e-05
-1.832018203153928937e-04
-3.432181051473692790e-04
-8.307721198036466248e-04
-1.076528920323949201e-03
-3.360003834804725642e-04
-1.112460555520389249e-03
-7.795526590436141490e-04
5.858461541042858656e-04
-2.035828220022795065e-04
6.311310191894348165e-04
-1.236337334867831927e-04
-1.419095695772476518e-03
-4.437215018417983714e-04
-2.645907145740755695e-04
-4.897916752727438094e-04
-1.068072823391941206e-03
-9.829013316536849842e-04
-1.073243573569526710e-03
7.243852532645700393e-05
6.844140259728570541e-04
2.118194344862267542e-04
-3.450649888273593646e-04
-2.933886221151427165e-04
-2.277043035726622477e-04
-1.231237758639980306e-03
-1.986925557929675179e-04
-9.805767505074447499e-04
-9.888941370979065226e-04
3.067339756801512607e-05
5.107615475555826734e-04
1.463263396385139359e-04
-2.268111464158728552e-04
-3.423133985382964539e-04
-3.713472805010331612e-04
-7.770559251006892154e-04
-3.366595802188898645e-04
-9.536319054231912062e-04
-1.169287258843354493e-03
1.055226488226868042e-04
4.682144681236177775e-04
-1.808417827107167142e-04
-3.347462939895518019e-04
-2.967282550454530821e-04
-1.455531476659555068e-04
-6.134713131816793563e-04
-6.350362149840638182e-04
-1.042621640072849409e-03
-1.075252403262783041e-03
-4.680304202807628045e-04
-2.191672884144235667e-05
-2.501219456985115386e-05
-2.499849434730583297e-04
-1.073292593483543556e-03
-1.675036123495177165e-04
-1.535419428887463411e-04
-1.088726598627798303e-03
-3.186667401225973251e-04
-1.138121120917490181e-03
-6.246483800524949004e-04
3.635664401271387902e-04
-2.822552691894575361e-05
-2.588589442528155260e-04
-8.989631900989669688e-04
-1.658329094728072661e-04
-1.344720022065093445e-04
-1.118579661545715531e-03
-8.178702528539583128e-04
-1.118931970945702403e-03
3.639174590648330820e-04
1.200278513781016798e-04
1.466445352489298415e-04
-1.898715507270276603e-04
-5.306366233766013352e-04
-2.004596624416432604e-04
-3.652384261132457510e-05
-1.035317291263271322e-03
4.152222042987929740e-04
-1.109451286780527290e-03
-1.508045351830133995e-04
1.522054954421481199e-04
-2.023594896287672640e-04
-2.080002268531888632e-04
-4.396256492733563448e-04
-1.731029033126274541e-04
-1.067452054482886936e-04
-2.340004507094262109e-04
2.776504671767598964e-04
-1.286358973962231644e-03
-3.906146236549723483e-04
1.224716418138926954e-04
9.738163200934124575e-05
-2.242769420113255308e-04
-2.461365625719968975e-04
-6.548402933280739191e-04
-1.292793068192743533e-04
-2.244058757234768109e-04
-5.495507446158232057e-04
-6.176901618659691451e-04
-1.351353957776857406e-03
-1.697419626831342399e-03
1.578998475083581710e-04
-8.906413453479977704e-04
-3.094938558108051296e-04
-2.644316428722648382e-04
-1.506951025228575602e-04
9.837934086487365448e-06
-9.233261983865315159e-05
1.633318739894251692e-04
-2.803143611883607278e-04
-1.120019114342341027e-04
-1.713148161760269517e-03
1.152789808481768929e-04
-8.273553951797518735e-04
-5.867126145038259466e-04
-2.743767544350905752e-04
-6.091866810760127038e-04
-9.280303703973480367e-05
-1.190727299794636096e-04
-5.242045880029522209e-04
-1.595070471482884500e-05
-7.211624825271822914e-04
-1.642344935058881461e-03
1.436337348664773472e-04
-1.342732570659421754e-04
-2.880408308261195316e-04
-3.214938904628761307e-04
-3.038391771832404942e-04
-6.592666071481012580e-05
-6.191010281686448735e-05
1.397011709801665447e-04
-2.766378323437734821e-05
-2.080753045435868032e-04
3.606587046542930608e-04
3.181630370868715474e-04
1.772035993419240896e-05
-6.632041637621988173e-05
-4.330206007948644853e-04
-3.137523779336293117e-04
-3.869876566449104160e-04
-4.535951262141235674e-05
-1.106035519524706245e-04
1.138759742320694102e-04
3.524613950145472074e-05
-3.037489521882097421e-04
7.284346469903502097e-04
2.914562201339343517e-05
-1.229601129847379681e-04
-6.320433840113492963e-04
-4.004292698630562697e-04
-2.445797505161717567e-04
-6.180684893353216580e-05
-8.042410064412752746e-05
-5.272843012216199554e-07
2.678582558912623313e-05
-3.244459465084892358e-04
-4.937867181152855167e-04
4.912026930481427911e-05
-6.760867186339503121e-05
-1.900437035236013372e-04
-4.153304310569039259e-04
-2.411734216493099936e-04
-2.240400550747034814e-04
-9.223113877843136521e-05
-4.314283249273742626e-05
-2.092908742910015718e-04
-3.009092031139859458e-04
-1.312488932279087805e-04
5.460067745424179719e-04
-1.725540517492074599e-04
-2.310038329103036858e-04
-4.366699953750607932e-04
-4.774296067983074821e-04
-2.440539456506352067e-04
-1.691317674761272372e-04
-1.188130375252560711e-04
3.646372325227797973e-05
-1.807267381946919826e-04
-2.031941436291262448e-04
8.328548933451696001e-04
-2.516263686681563527e-04
-1.272551930542320520e-04
-1.818129440758209370e-04
-4.616077835890575187e-04
-2.792955747846770365e-04
-2.914334072635638151e-04
-1.193860372751265331e-04
-4.967097825125943444e-05
-8.315106038592201543e-05
-2.477961461503364049e-04
2.020230510747511588e-04
1.163969332009906488e-03
-1.540837031605013507e-04
-1.619362321990669429e-04
-2.768174293791281215e-04
-5.435677158011076315e-04
-1.654176909627880221e-04
-1.138764889463406149e-04
-1.295276910013853922e-04
-1.140550617002578093e-04
-7.594244401398775324e-05
-2.009539866485443582e-04
-1.911969832885107579e-04
-2.075847149560772209e-04
-5.469006875937765244e-04
-1.776388461187661250e-04
-1.888445193365395625e-04
-6.549510686572057594e-04
-1.011762936553584069e-04
-2.069051568575064337e-04
-1.349740890395079163e-04
-7.752982421349585707e-05
-1.315305308914327398e-04
-2.275688976964840293e-04
-1.913126469323955803e-04
-4.305926863523712456e-05
-5.046392216251360807e-04
-9.037410052170624652e-05
-2.203806948913866748e-04
-7.516752245442237523e-04
-1.189455690899787754e-04
-1.415518738397958387e-04
-1.198834769738921224e-04
-1.421707258051352341e-04
-1.557960412723602417e-04
-1.835700329148037824e-04
1.207429982165830751e-03
-2.740849099881481621e-04
-3.542361003162630695e-04
-5.793499118045275509e-05
-4.141500765875161250e-04
-1.248705771091929151e-04
-1.626731919653900960e-04
-1.424754101665426376e-04
-1.588352068213616519e-04
-1.137718923942543370e-04
-2.217907927990481198e-04
-8.164187336856532085e-05
-7.365307814577448653e-05
-3.240985254233663682e-04
-2.320011564652668667e-04
-2.957191930644809119e-04
-1.004174011061675920e-03
-1.376421154711815475e-04
-1.530779456450082066e-04
-1.255352812900012438e-04
-1.569927813021010365e-04
-2.156497415642943949e-04
-6.071887022951472090e-05
-7.514496708804774272e-05
-4.740496290949192115e-04
-1.306892157533212639e-04
-1.431502814241980559e-05
-1.012339847395904435e-03
-2.579739276694636985e-04
-1.604866498263746166e-04
-1.273604087340673985e-04
-1.605726056345124775e-04
-1.994089130186171843e-04
-2.523992400471630759e-05
-2.346419442200708971e-05
-3.214670569386957055e-04
-2.621451513153960633e-04
-1.763960126929253747e-04
-1.258581919034829077e-03
-2.640500557908875834e-04
-1.660050622696029876e-04
-1.493363642730560770e-04
-1.596696718482171207e-04
3.590995837465804641e-06
-1.656826419581758358e-03
-1.587286628846662495e-03
-3.804685639746674397e-04
-4.063021946831835152e-04
-5.444136383669917478e-05
3.341458937945462893e-04
-2.130739019244876076e-04
-1.748843815181366779e-04
-1.919459226613628999e-04
-2.120415520653340380e-04
-1.434707197182083505e-04
-7.614677380307632859e-06
-2.635803099242384206e-04
-7.192347725341052822e-04
-2.776546576876981476e-06
2.700361155371089339e-04
-2.313146960486456294e-04
-1.731753478717568129e-04
-1.966806106078466954e-04
-2.230630928800048096e-04
-9.090651431808982608e-05
-1.242972541188769320e-03
-2.450326284616499706e-04
-7.785885889700638884e-04
4.359232141248892134e-05
5.033581618431037796e-04
-2.358393305827988229e-04
-1.847085109686341653e-04
-2.108033657739483147e-04
-2.321194532399761812e-04
-5.078279234269622577e-04
1.117751989275772573e-04
-2.656646996683775797e-04
-2.156464370988153689e-04
5.343595191509287190e-05
5.893428447331094944e-04
-2.174108584097611541e-04
-1.883550312373749591e-04
-2.244741033025077215e-04
1.404468058874286385e-04
-1.234812023323095254e-03
-1.121953838419620375e-03
-3.724112999925477396e-04
1.269391158607025005e-04
-9.627310547135614627e-04
-2.281538770526614357e-04
-2.026094054533578159e-04
-1.850200454414085982e-04
-2.711669155250895358e-04
4.151905096660968297e-05
-4.740154358917614275e-05
-9.623851130642346874e-04
-9.126582647875913779e-04
1.400521377112884380e-04
6.628005866172737015e-04
-2.347558100393998259e-04
-2.042446518716323212e-04
-1.925880625049947170e-04
-2.446293373511432279e-04
-1.632364150857545937e-04
2.610777427982657883e-04
-1.960918966322777734e-04
-1.085075001070689993e-03
1.728098728168703246e-04
1.093544954845371286e-03
-2.214373819107162689e-04
-2.004647397298997546e-04
-3.078762854150651762e-04
1.889089277357092200e-04
1.340313554891059411e-03
-3.312222352689353499e-04
-3.581604714224528863e-04
1.860722419465554722e-04
-4.069797909851402551e-04
-2.091091860452198858e-04
-2.175276235419909554e-04
-3.232436468295629695e-04
-2.364092148409158156e-04
-2.089950540440366211e-04
4.512495719327658250e-04
-1.735194644915116768e-04
5.122760530419379066e-04
2.176974888014049370e-04
7.717614229125757674e-04
-2.306654649134598500e-04
-2.296568330865111918e-04
-3.116349236816917667e-04
-2.565992340135547778e-04
1.490681891075928966e-03
-1.213796924570686997e-05
-1.127369094040542308e-04
1.855989504342403507e-04
1.035331389286353598e-03
1.430109337194007679e-03
-2.313718565361000401e-04
-1.993003406667304134e-04
-2.023909180803862284e-04
-2.235363843923199312e-04
-1.633237135628684555e-04
5.574018986319595470e-04
-1.180133576224040581e-04
7.121652120977151057e-04
6.562536111410777195e-04
1.462031545491626616e-04
-2.319118439849665592e-04
-2.274390514694912824e-04
-3.388636094066033166e-04
-2.235381572152084217e-04
-1.184538258073297712e-04
5.934520717836289094e-04
-2.717048889705475645e-04
-1.536835275418590996e-04
1.848890131657121572e-04
1.332537205031236738e-03
-1.201449422509881515e-04
-2.653057291309712795e-04
5.353464072420655029e-04
-5.197594893197043930e-04
-2.356868678118351212e-04
3.603964062759423825e-05
2.356584702917219332e-04
-1.924448940027190247e-04
7.218971099032245320e-05
2.329374481463419855e-04
2.542475458092718910e-04
6.418893616111365219e-05
-2.436433220681655243e-04
-2.661118289911668100e-04
-5.073145283219782087e-04
-2.063124148751205311e-04
-2.917340636183762825e-04
7.158299429564918270e-04
4.932342885526352916e-04
3.888955920520187348e-04
2.377519131241401240e-04
2.604801125012379259e-04
5.640122133725444797e-04
-8.293759632989061714e-04
-3.070619927747486599e-04
-2.595311698795343958e-04
5.249262313439251315e-04
-7.261892038945561012e-04
-2.376485026207575402e-04
-5.032748965194677737e-05
2.558473879757938718e-04
1.567148981113097861e-04
5.281209229490713142e-04
1.099631003715906274e-04
1.746441055560099542e-04
6.244896539445710104e-04
-3.263685792131987284e-04
-2.575099304257255639e-04
-3.158573180118695589e-04
-7.658227470243028634e-04
-3.018615347614161948e-04
4.670809305911127751e-04
1.340591432934523652e-04
-3.623530262975016569e-05
-1.358493289934648018e-04
1.404540861529302020e-04
4.252791926790955301e-04
-1.496208762480355503e-04
-2.207061707671931217e-04
2.089538166093474203e-04
-9.308307791261460906e-04
-3.046576345971940825e-04
3.718468908233685255e-04
-8.709646418680883073e-05
1.641111925322347176e-04
3.989246454196848646e-04
9.301492283508849823e-06
2.875016191250523434e-04
-2.134344041045954654e-04
-2.372709435459752214e-04
-4.556000720205011234e-04
-9.905457690764229994e-04
-2.158892616319629809e-04
2.641643444121211104e-04
7.141245865760481593e-05
-3.997975831315780937e-05
-5.480271860412999629e-04
1.070790307243774109e-04
2.021548590984689753e-04
-3.860133275812582809e-04
-2.374462118344133899e-04
-4.725206998449360540e-04
-9.189712276386208245e-04
-2.255995002615751588e-04
1.818645125606366264e-04
5.389401156241646618e-05
-9.158851657398159318e-05
-9.682303962589289270e-04
7.232952282032467650e-05
-2.766450354020344449e-04
-2.627043986358490457e-04
-3.066955007914318188e-04
-4.853080046395286118e-04
-2.483000058063344895e-04
-2.541257357420168006e-04
7.683580999773287346e-05
8.104444594244641920e-04
-4.542720977163128282e-09
-8.614908872265347739e-04
7.030651054384939869e-05
-1.222264290803076747e-03
-2.904624348720741267e-04
-2.892384311640183725e-04
-3.679765970662218777e-04
-3.212082247927572354e-04
-6.805067169091127965e-05
-7.566394147486832367e-04
9.012659826559410448e-04
4.432368697039335004e-04
-4.925317161096343099e-04
4.307782481904887106e-05
-8.547863716910075738e-04
-2.996380045215962795e-04
-2.925727456255522441e-04
-4.075328073220862990e-04
-2.851073111108659575e-04
-2.330818600515538463e-05
-9.657602024528699758e-04
-8.730407344181845275e-05
-3.045351208422752975e-04
-2.681556849886135296e-04
1.715334998764195262e-05
-2.829664322137048771e-04
-2.995276593465989734e-04
-4.615168872594832550e-04
-2.742699026991868294e-04
-5.096012088525725403e-04
-6.924994985014754079e-04
4.772934972341325022e-04
-5.331060134894372027e-06
-7.723099288822199426e-04
-2.740418784119569295e-06
-4.843825065160567434e-04
-3.166813872814699948e-04
-2.957967149121998318e-04
-3.763578052817795339e-04
-3.158349426483075817e-04
2.304118093210405505e-05
-1.901770431897986668e-04
-2.897945629927178857e-04
-2.316911536349719469e-04
-3.760046355737456381e-04
-5.577259722799876585e-05
-7.506009982694017424e-04
-3.409316135905005041e-04
-3.213021844072905253e-04
-8.083443083950481167e-05
-3.031987579559247692e-04
-6.180569523839274382e-05
5.897011961429887705e-04
-4.711938724076825125e-04
-2.590372758265457875e-04
-1.758387271689754172e-04
-5.417036311061718123e-05
-1.092988907576919466e-03
-3.525456552071482008e-04
6.051877668470373450e-04
-2.389478251993981672e-04
-3.011810641482259854e-04
-3.946104473928624401e-05
5.213732405358051381e-04
-6.814382842481592206e-04
-3.550532672679240775e-04
-3.571010990653933348e-04
-4.921963194848277823e-05
-7.239559492319136424e-04
-2.589958295649008591e-04
-3.049020429795046283e-04
-2.685731064756557984e-04
-3.033091031308110530e-04
-1.635018561627621381e-04
-6.556638280302840016e-04
1.006482363267835467e-03
-6.676671671477230063e-04
-5.172793821174304085e-04
-6.035683640681632767e-05
-4.179162362998312119e-04
-3.207451400638605676e-04
-4.176197447184337719e-04
-2.996306720495223175e-04
-3.037174715296853122e-04
-2.902911423834364513e-04
4.792803817179613901e-04
-8.929290751601426379e-04
-3.203628816479398012e-04
-2.709947627284048366e-04
-3.630526994282678999e-04
-1.438122032070277001e-04
-3.133594825802665795e-04
-3.960936038399642811e-04
-3.424983912493351212e-04
-2.902308664041175490e-04
-2.910216821925271091e-04
-2.114747310922870938e-04
-3.962314016668910810e-04
-1.293050838557130433e-03
-2.023073542228859267e-04
-3.309570353724478053e-04
-4.298989728767077523e-04
-9.908921857337826822e-05
-4.425344862345470531e-04
-4.114119975472396717e-04
-3.854119626647278807e-04
-2.364515214104967455e-04
-2.861181459146155959e-04
-3.079217074765105977e-04
5.540735739735236365e-04
-2.586082526803146209e-04
-6.730918611567160426e-04
-1.202470608216210657e-03
-3.433317547878456111e-04
-2.663232250724734129e-04
-3.222507814353292588e-04
-2.535523058382338490e-04
-5.327457804349400305e-04
3.817760469799758027e-04
9.916450509050989126e-05
-3.051710297022891538e-04
4.405462267285109590e-04
-7.775025720625494685e-04
-6.756530880590583266e-04
-9.568398670968258912e-04
-3.439874058803749080e-04
-3.680453070060707432e-04
-2.528727477396630619e-04
-2.867467745093499332e-04
-3.545243469107450807e-04
-2.489738152821052708e-04
-2.948942112800390092e-04
4.200432208534277123e-05
5.629533366136030281e-06
1.389522838142198680e-04
-8.011631718810585667e-04
-3.553105155646996138e-04
-3.593323919313107240e-04
-2.265853265708273057e-04
-4.706955724008698994e-04
-3.380032233702978672e-04
-6.550185454878842961e-05
-3.086752939834846998e-04
1.236868336140783953e-04
-8.524061094931090210e-04
-7.082461918137550327e-04
-8.972405407902117602e-04
-3.571110646684028112e-04
-9.960970497002730184e-05
-5.694604687936921650e-04
-6.084891013610205235e-04
-1.928787532567977081e-04
-2.972170196033907530e-04
-3.030217168444870879e-04
-1.005628969256155969e-04
-8.585141484268588030e-04
-1.032115214979367757e-03
-4.032131489121182355e-04
-2.927032631870885027e-04
-2.440441690213512871e-04
-5.724194271574667425e-04
-3.578320690285075045e-04
-2.176725126603606952e-04
-3.105283564402983032e-04
-1.642082477854023281e-04
-2.471694793522161149e-04
-1.026810401594357991e-03
-4.387233346148100566e-04
-1.325792663110503256e-04
-2.315885710861831370e-04
-6.426791207642112980e-04
-1.835172783811733765e-04
-2.870139884092459681e-04
3.639567023494549858e-04
3.913311897076887647e-04
-2.050857258293348195e-04
-4.822978233848251861e-04
-3.155666272599555455e-04
-1.121348731530913412e-04
-5.966944729872691866e-04
-6.805192060820308697e-04
-1.719486588260821236e-04
-2.829590997415198927e-04
5.082471375903452326e-04
3.281701400981162919e-05
-1.009710959835485866e-03
-4.873659910136218798e-04
-2.985793034989692174e-04
-1.061112583849999069e-04
-6.744608061899359797e-04
-7.741456932637280630e-04
-1.853543854317685202e-04
-2.675740100979151492e-04
-2.603310387560009431e-04
-2.070509062840342196e-04
-5.823161901408191454e-04
-4.523798373532450512e-04
-2.703267018754340612e-04
-7.941546881717886919e-05
-1.667876852777805396e-04
-7.572126556788516538e-04
-3.064067718362428749e-04
-2.411407872956461418e-04
-2.791915973603398271e-04
5.194705390372256204e-04
2.269847985015838177e-04
-1.015251941762773669e-04
-3.598717080457447537e-04
-1.473906848704631400e-04
-5.733582924105640188e-05
-5.723963804594722760e-04
-3.539996435336645320e-04
-5.230921743426542037e-06
-3.023323821165213587e-04
-3.009512685031578982e-04
-2.784583722135192119e-04
-5.188602901530225964e-04
-2.887037099772449267e-04
-2.888985315244729790e-04
-4.466064244446066311e-05
-6.657632200413043932e-05
-6.929570757880920695e-04
-3.391563141617037758e-04
3.190277195164181734e-05
-2.873084659873459401e-04
-3.052009265114286052e-04
-7.000768098337495360e-04
-2.408394073997177642e-04
4.105252279941185023e-04
-4.067032306099838124e-04
-1.035777253147740495e-04
-2.632723137452330775e-05
-3.218024984175116288e-04
-3.252631134602612661e-04
-3.034755073048067686e-04
-2.582561844608477486e-04
-7.768822458076307669e-05
-7.814556068697076086e-05
-2.115855064213079118e-04
-1.596149033114002691e-04
-3.041484042656250608e-04
-2.147645360073280330e-04
-9.983148945513775629e-06
-1.276746285447938334e-04
-1.076517612051963724e-03
-3.549462265584057974e-04
-2.189483583872053885e-04
-2.789720084989122384e-04
3.590581860057895369e-05
-3.678972501890420688e-04
-2.904335873444852112e-04
-2.924133805366491146e-04
-2.665903867655750048e-04
-2.849486695630787381e-04
1.107324606641757470e-05
-5.685367361396576058e-05
-6.812621556515630061e-04
-3.060019490832566191e-04
-2.967437280909646091e-04
1.042049788870791360e-04
-2.538997269234677390e-04
-5.318909018411366318e-04
6.684987777164641543e-04
-8.769408477770079813e-04
-2.471351243823471933e-04
-3.435748205011801559e-04
-7.083704710386662384e-05
1.623580346388209250e-05
-1.240282810728077223e-03
-4.456538589691083629e-04
-3.012559528647873464e-04
1.655136594336248379e-05
-2.961888867243356316e-04
-7.440267069082073803e-04
-9.352991134808918972e-04
3.764998399420349529e-04
-1.567177525695351292e-04
-2.214767619621582639e-04
-2.101029639542950633e-04
4.604876278913039300e-05
-1.202619766521695333e-03
-9.566473529398766829e-04
-3.641778552070373820e-04
-3.530421823910723234e-04
-8.185412975791894752e-05
-2.764934329392287893e-04
-1.057210113098672188e-03
-2.538906216283942641e-04
-7.663795501874348659e-04
2.626219561201459385e-04
-1.764050657812044065e-04
4.209248087050365683e-05
7.170578989246223500e-06
-2.655722716964348251e-04
-3.815174883677885376e-04
-2.833255917248367339e-04
-6.323975235877909995e-05
-2.631260371031007850e-04
-2.093176556083875539e-04
-9.979205484419439998e-04
-3.181373374047113955e-04
-1.800880917901537259e-04
-2.058320320711404250e-04
-1.086033451935808358e-04
6.416502915507216187e-05
-4.686789800815160945e-04
-5.770643724696267185e-04
-2.899711739500210328e-04
-2.051318192252127304e-04
-4.405666204421176957e-04
-2.751083435259538135e-04
-4.733360939738195938e-04
2.565298725925035939e-04
-1.479257317978932562e-04
-1.548458603950475521e-04
-3.443549993520367281e-04
1.423769600378266276e-04
-1.718307922053963210e-04
-4.501153432125981624e-04
-2.543524158952203962e-04
-4.989053850940061707e-04
-3.356258876906492716e-04
1.464181484829296664e-04
-5.872977306269344666e-04
-4.867393764221850105e-04
-1.615421831504537664e-04
-3.360120101403296644e-05
1.316782619679157662e-04
6.779736684048298656e-05
-7.630674221157374149e-04
-2.202922427192444133e-04
-4.248498239391995668e-04
-4.271538025447663145e-04
-3.034766087932627698e-04
2.321785953771637878e-04
1.717284184833411942e-04
-1.353367419897333335e-04
-1.338650254341100521e-04
-2.273038867734999968e-04
1.603161852924417374e-04
-1.774170020736320907e-04
-1.399558184994598165e-04
-3.678443066819081508e-04
-3.556193646998551117e-04
-2.987642962102299293e-04
-3.149860538577131663e-04
1.517679537752503194e-04
-1.327088191510616966e-04
-1.526121233715871384e-04
1.353914781730969352e-04
1.730698064513758183e-04
-5.080404209968358842e-04
-9.483687522737760389e-05
-3.879257535024382975e-04
-2.071583771475760116e-04
-3.012063138230214321e-04
-3.027057242110942070e-04
1.317478844224950763e-04
-2.597389681081585522e-04
-1.424126378234413792e-04
-8.075101117546168439e-04
3.231613932873633743e-04
-1.387158593850745802e-04
-7.982536885864366383e-05
-3.167159312250644732e-04
-4.135213957859873446e-04
-3.201687836417166366e-04
4.164797026685596038e-04
1.397832031951873333e-04
1.264554807978157669e-04
-1.250776517968121837e-04
1.015673316254739333e-04
-6.780736428233513635e-04
3.638678200231781901e-04
-6.356149361508300899e-05
3.371450079576732151e-04
-1.713632493157701830e-04
-4.673302074348351098e-04
-2.501457357911851531e-04
6.198082028920914865e-04
4.204821250430867963e-05
-2.114432504338736862e-04
-1.278985711533620062e-04
1.127730048432473708e-04
-2.202545832837854434e-04
2.789329740411350400e-04
-2.929059569212189018e-05
4.379293709811937774e-04
-4.230747656908118159e-04
-5.017392539252707451e-05
-2.278571442908550182e-04
-4.720188593398955135e-05
-2.476327582023873930e-05
-1.157164181015968296e-04
-1.301546835401623525e-04
1.019320507859022840e-04
-7.206171766096503006e-04
3.355573865777561338e-04
-3.185004977157568362e-05
3.560485444661365406e-04
-3.735557156427926628e-04
4.101231699915608431e-05
-1.935443699523364813e-04
-1.278923923764274662e-04
-8.114572413187026712e-05
-7.467627050317116044e-05
-1.328581664300498844e-04
9.776681694317890248e-05
-3.045738817659682240e-04
3.786550903962515591e-04
9.510255233768916128e-06
-1.021245972961937198e-04
-3.647920600379217504e-04
1.395317035212118029e-04
-2.133402033094311534e-04
1.228430743186459395e-04
1.100187814232489458e-04
-6.228027721277840101e-05
-1.186740337965064285e-04
4.919789556590004054e-05
-1.145043452491556479e-03
4.274695216442969681e-04
3.288591292327502913e-05
1.228002853882470546e-04
-3.401157371009100316e-04
-1.241308797984563839e-04
-1.792498921437957193e-04
-1.654326816474815942e-04
1.181267859357015837e-04
-5.458950521386451982e-05
-1.199239585137901187e-04
5.832095186242280960e-05
-8.314481322564404309e-04
5.115663569538186906e-04
-8.152580442409851358e-04
5.046045931214049318e-04
-2.759684611752799555e-05
-1.273495306163274776e-04
-8.299548212331586683e-05
1.631446783012524548e-04
-3.429115486963674186e-05
3.235864332706839264e-06
-1.243623960595074962e-04
1.047969598277909142e-05
-6.430502598818721438e-04
1.348442592098098025e-03
3.148185158418081997e-04
4.628986670596191288e-05
1.981164081977793145e-04
-1.339084856989414263e-04
-1.110302677082009026e-04
2.399119151261785987e-04
7.753180586322905299e-05
-2.487007534934804198e-05
-5.429148198998756669e-05
-1.320006547053109713e-04
5.779337417388674680e-05
-1.456554890344463615e-04
1.300948327149442640e-03
3.303192691291867433e-04
1.283636897387863129e-04
-4.298213988224164339e-04
-9.783703867238813245e-05
-9.968942979465822418e-05
8.373119848803511900e-06
-3.025112011989516958e-05
3.408246397940128958e-05
3.474282911808401764e-06
-1.257333028893414806e-04
8.763571044623219564e-06
1.021884387745197742e-04
1.332540561703399185e-03
3.629301011131014221e-04
-6.394981293816881518e-04
3.121205926011061393e-04
-1.837940005233740237e-05
-2.303253814472938643e-05
-2.659707840524383471e-05
-5.349161311340999703e-05
1.864663380557463057e-05
-2.364760328388282318e-05
-1.321269552865267372e-04
1.837834106458435812e-04
4.140751033105960488e-04
4.898897673075719439e-04
-9.433005596445331875e-04
2.083648614533695209e-04
-2.702207354476904300e-05
-1.441463020169786446e-04
-7.615623204593191531e-05
-4.377251036924434402e-05
-1.795986529606885540e-06
-5.250334264672584794e-05
-1.326598514436172493e-04
1.855750956348822811e-04
9.028921237792530974e-04
3.515668878359967664e-04
-7.250059751134907415e-04
2.261264014691288793e-05
-7.266682168238780548e-05
-1.290667570428283284e-04
6.415030685658074106e-06
-1.303709679362219376e-04
-4.232537215398401997e-05
-1.065700739267816388e-04
2.493939419602186902e-04
1.865343296004740026e-04
1.877739953276558182e-04
8.166058720194824261e-04
-1.716229417698666992e-04
-5.661367118570126422e-05
-7.874692560350116111e-05
9.379012145760423635e-05
-5.021268631644204561e-05
7.381485503854534613e-05
-1.297545079215201014e-04
6.657830365386363525e-05
2.068595134688822057e-04
-8.210574230134159990e-04
-3.492518744923067686e-04
-4.546198053602124034e-04
-3.038548392024775779e-04
-9.835685373460467673e-05
-1.236846107838251996e-04
-7.332510590585261667e-05
1.060049088631442871e-04
-1.447017625112456685e-04
-7.195462923015316647e-05
-1.091672475896698913e-03
7.093423309444402136e-04
-5.031344405616033910e-04
-2.874617890662456432e-04
-6.349877347855414911e-05
-9.429420244078112745e-05
-7.039915984319300435e-05
9.897156077964819332e-05
-1.295692740299614343e-04
-7.511190258024935673e-05
6.372313477038815677e-04
3.672375909431480068e-04
-1.874033187176937787e-04
-2.977084694989473590e-04
-1.094834212554962605e-04
-7.443344597024559306e-05
-1.375611847445057379e-04
2.010760901027808245e-04
-1.835409442068058894e-04
-1.206437099121604462e-05
4.169644914265857594e-04
-4.285431089382507608e-04
-2.002690578745136563e-04
-2.745222626813204059e-04
-1.380688312268008033e-04
-1.401237543159350452e-04
-1.357070207993471556e-04
-1.135486387671136299e-05
-1.641304325507020323e-04
3.693834103617454900e-04
2.614821876039119530e-04
-1.606098219743667954e-03
-3.267561038911015459e-04
-3.888616995897375972e-04
-1.462098480401463618e-04
-1.772869146661193440e-04
-1.118002397756390209e-04
-3.556168212759391878e-05
2.072749731594214495e-04
-1.926132599732177653e-04
4.579932932513575139e-05
5.644465373400020525e-05
-8.534050168972351358e-04
-1.256617708448315440e-04
-1.974275359774013694e-04
-1.677342160958383843e-04
-1.881491425986814292e-04
-1.676480191071805237e-04
-1.054147801585747501e-04
1.038662329427841868e-04
-2.199682462792340587e-04
-1.835639909048003560e-04
-7.391918805700337103e-04
1.078441666838569901e-04
-1.842247714923805901e-04
-1.123770263516954415e-04
-1.719047684071162152e-04
-1.845710910891584788e-04
-1.442074383042335484e-04
-1.554159858333514777e-04
3.564600805634476899e-04
-2.383612619939468047e-04
3.209735231857191451e-05
4.231559052442213087e-04
-1.323954650897851693e-03
-3.173332515478133331e-04
-7.537606635702465141e-04
-1.674869334020723244e-04
-2.212609599270276561e-04
-1.490928161989035772e-04
-2.297465235141515905e-04
-2.203744117010852932e-04
7.472842576228266864e-05
-2.776495870154827017e-04
-2.001323093293594368e-04
5.440813197330474082e-04
-1.203509619213005699e-03
-4.209662277601111668e-04
-3.455816361910279966e-04
-1.803327413527622269e-04
-2.294864009060315624e-04
-8.066668399675513967e-05
-1.725757035715425047e-04
4.664563300030843962e-04
-2.695954385251164709e-04
2.024558610471682840e-04
-2.307105935877018510e-04
-3.365389760535686392e-04
6.093430872933236486e-04
-1.074066058990075234e-03
-3.045654478054382608e-04
-1.190768947528786370e-04
6.940473045291550847e-05
-1.895612545095293200e-04
-9.872799285215450027e-05
-7.213081003343280173e-05
-2.982109864860804649e-04
1.136667436263394393e-05
-1.190987877556226593e-04
-2.134688958413955007e-04
-4.192454034810388919e-04
2.530466932125774449e-04
-6.802269314809539225e-04
-3.771645764762965314e-04
-5.706051256243460656e-04
-1.047455123742047078e-03
-1.566572876166016925e-04
-1.811853647629702024e-04
-1.541060263172688849e-04
-2.358332885729064188e-04
-2.507291312979775810e-04
-1.965041886242691049e-04
-1.421604668150333595e-04
-2.430799945343231627e-04
-1.169965183100973860e-05
7.665606391586976542e-04
-6.410035295728588878e-04
-3.409881027435224254e-04
-6.332932565218385434e-04
-8.103183801704272327e-04
2.453381407777621703e-04
-1.930797013742768797e-04
-1.156574847912539283e-04
-8.499477636747521103e-05
-3.433210656436092023e-04
-3.892567457133289111e-04
2.519312618565194839e-04
-4.567803742832055036e-04
-5.726571221953413726e-04
3.464530915242569620e-05
-7.195784067930421912e-04
-9.000290919736197992e-05
-8.585838745633900260e-06
4.079637599113672408e-04
-1.068891820521500335e-04
-8.869668430067090270e-05
-1.054409423483226860e-04
-2.185638969942615972e-04
-1.708688729020746422e-04
3.375760451070908275e-04
-4.582055672891494069e-04
-4.631864364409432611e-04
4.049665229846066694e-04
-6.574473202392017157e-04
-3.051657112335126598e-04
5.948868002384477549e-04
5.504011326954438843e-04
-1.010479268641617523e-04
-1.439189505294535820e-04
-1.218304468386666173e-04
-1.619246305399890673e-04
-4.867451250449850164e-04
-2.298406721024104371e-04
1.447973258283941078e-04
9.988747249723983757e-04
-8.336571865258379788e-04
-3.767136603275433870e-04
-1.014278383300037945e-03
2.495381597442669630e-04
-9.704909719532306411e-05
-2.127428141929232908e-04
-1.156280181361379888e-04
-2.970795997238040442e-04
-5.084341244515622193e-04
-2.023735677985083470e-04
-7.862848162047963996e-04
1.272070505810130037e-03
-7.802024570997545538e-04
-2.525206273135127688e-04
3.770129938667210467e-04
2.401472182135266920e-04
-2.070112328454998263e-04
-9.096794840735000776e-07
-2.412030250714680690e-04
-3.514631839452997397e-04
-5.699407993909888503e-04
-5.958078725546434029e-04
-9.952516094955399240e-04
-4.493732017444296289e-04
-8.719726295660645832e-04
-2.611090146298344905e-04
6.491133539676674502e-05
6.603734751289280780e-04
-8.527971849647819624e-05
-1.385580781455564292e-04
-2.252378443862168567e-04
-6.338770821828765278e-04
-2.602585419900771413e-04
-1.039036203884569076e-03
-7.202845050287010054e-04
-8.157633833327793127e-04
-1.786598354992507964e-04
-1.459100084632680705e-03
-5.592079081184753164e-05
-2.157046468680423601e-04
-1.398882100480669521e-04
-2.640174214371127093e-04
-6.053612424593568520e-04
-2.008657234500166311e-04
-8.223314437104667363e-04
5.475799545107129518e-05
-8.047560251015495325e-04
-1.387772368528494837e-04
-1.487585786366540930e-03
-6.346074330183526513e-04
-2.261301412349592255e-04
-2.858493481656676494e-04
-2.453252810100670089e-04
-9.315260514505263600e-04
-4.163535712078392237e-04
-8.175612993054359734e-04
1.858161995517138010e-04
-8.209631700116792885e-04
-1.118323917685959401e-04
-1.869410696640372294e-03
-1.159707726748782086e-03
-2.269628334388151814e-04
-2.924005406220731018e-04
-1.738752673305921093e-04
-1.014062529058112894e-03
-7.606348877451374335e-04
-8.527823258990263611e-04
-1.017597120302693448e-03
-7.268875395040064191e-04
9.657491302139664668e-05
-1.586550099234251832e-03
-1.252133256920417992e-03
-2.020587288603659104e-04
-2.057300686498786391e-04
-1.820322395501561275e-04
-8.976688403952159945e-04
-4.475252687827779852e-04
-8.518882562273955017e-04
-1.108478248178945691e-03
-7.057874952535181379e-04
1.244138277773920720e-04
-1.253476469918135550e-03
-3.952387252462719047e-04
-2.120652178908555285e-04
-1.980971284729626802e-04
-2.068171348392766618e-04
-9.112462896434525561e-04
-7.104229573233755701e-04
-2.339881777160268683e-04
6.841859185906518093e-04
-9.111290421506268444e-04
-8.645724961122702723e-04
5.722343770919735562e-05
-3.037845976202602216e-04
-6.442585545118895141e-05
-1.825296792490327391e-04
-6.791593714905452828e-05
-2.985090097099574180e-04
-9.392746927727735340e-05
-1.194486649101378362e-03
-6.656379238876297677e-04
-1.293587228153425528e-03
-5.614214999616340407e-04
5.182895132332943078e-04
-8.538627831573553095e-04
-6.502639535422849448e-04
-1.949781858924248823e-04
-9.740959937543092195e-05
-3.394201713894373640e-04
-7.805474862344619069e-04
-8.424997588540872329e-04
-8.823714793825265801e-04
2.402500794418394037e-06
8.431193365654454652e-05
-4.336291415631965407e-04
6.855678403052678505e-04
-2.881014847525564804e-04
-6.190836330329796411e-04
-2.200646500513103732e-04
-5.187696923569795615e-05
-3.006157748176585542e-04
-7.238109556998439942e-04
-6.671045631551075772e-04
-1.137785575025196394e-03
-4.796000891176266379e-04
-1.348170900184242349e-03
-4.975253207624152907e-04
9.618683811403183626e-04
-5.850216870338931230e-04
-4.476152525975107821e-04
-1.578314684569370741e-05
-2.324783715708100829e-04
-2.081614493253391984e-04
-3.140463209442279080e-04
-6.449298624756627518e-04
-1.562316877613323385e-03
-1.299291048755257805e-04
-1.300115373911947536e-03
-2.382486616353540754e-04
-6.333660790285300379e-04
-5.322350184608914958e-04
-2.782625013844075568e-04
-8.549946000737662644e-04
-2.301956668401272665e-04
-2.208501473708324170e-04
-2.360745814633524731e-04
-2.069903891244173622e-04
-3.020285580631609790e-04
-1.197267464865148234e-03
2.467531792068600183e-04
-9.773249829752028717e-04
-5.062889763673972254e-04
1.264023155224225370e-03
4.202742275476456513e-04
8.354290131018515808e-06
-9.237334255907114766e-05
-1.295159055159089689e-05
-2.096626325363004639e-04
-2.243229309937255778e-04
-4.310985350111096182e-04
-1.379853548706955202e-03
-5.313646146148931493e-04
1.879065790991729656e-04
-5.487274834474753504e-04
8.155219213219488950e-04
2.752000678102328735e-04
-1.046304938878694912e-05
3.236854201826844246e-05
-7.116760026792956495e-05
-3.239265093936127826e-04
2.204096990390258526e-04
-3.346057064115282031e-04
-1.415488262168085321e-03
-1.105110717737334269e-04
6.483358332484145947e-04
-5.277466484865378504e-04
9.944320182396770846e-04
1.925443809129845363e-04
5.012173351526261200e-04
7.498054456400726764e-05
9.226655773519887305e-06
-1.585200744961268171e-04
6.025974365275743594e-06
-2.277995014428046971e-04
-1.482843283587054195e-03
-1.743930683895111855e-04
5.837438993639976204e-04
-4.726141248921900129e-04
2.731486903669866351e-04
9.240342856255967519e-04
6.205334242325166727e-04
2.311865902909771009e-04
-4.064647649704156152e-05
-1.877192591442922165e-04
1.087914732497141657e-04
-3.189857438344878560e-04
-1.427577368119936629e-03
-1.192127954165567161e-03
-1.176871368079979163e-03
-1.046040274286563765e-03
-4.087179456929712629e-04
1.630200409088899960e-03
9.961612242725959021e-04
-5.159846544663393431e-04
-3.497129452179059683e-04
-7.614779808529092975e-05
-4.532402233895505006e-04
5.777876143664428810e-05
-2.951981721003305026e-04
-1.379148929907203502e-03
-1.189270476862236414e-03
-1.181874612595446017e-03
-6.728261266927271222e-04
-3.872602735738306379e-04
1.151178051415513437e-03
1.136924348534185114e-03
2.060717609655426941e-04
1.799691435341310708e-04
1.138152313395757176e-06
-2.628753977372833006e-04
3.825920977362784470e-06
-1.972134545583648091e-04
-1.368695070373626699e-03
-2.645352224961428078e-04
-1.985571153584331228e-05
-7.050179533401035314e-04
-1.345330340802863844e-04
-6.474678537063960349e-04
-2.586479261188490142e-04
8.902267136119412783e-04
6.337716451757513525e-04
-3.096096562216210657e-04
-9.234430605797872005e-05
-4.593163515107523409e-04
-2.900028288765899021e-05
-1.281954356818992835e-03
-3.787164480106852693e-04
-3.643069778929142188e-04
6.847649081436202323e-04
2.022979923022028004e-06
-4.167698912063144689e-04
1.310651715667909833e-03
8.704226874747256204e-04
2.333695867843266214e-04
-4.305102511894531858e-04
-4.377715750358834867e-05
-4.267072923498371750e-04
-1.177099490179411845e-05
-1.196195682747758227e-03
-2.164307285165145700e-04
-2.392794798519171096e-04
5.511490227863014013e-04
2.061163749257355349e-04
-4.285751565177298161e-04
2.190471739630384107e-04
7.414606115443422851e-04
1.531984078950721084e-05
2.098381618583777808e-04
-4.744282374514741107e-04
-9.209525054143519185e-05
-3.590790672276522599e-04
-9.401299493128068008e-05
-7.835853091147093608e-04
-2.824226057318579564e-04
9.826405575642516155e-04
1.467466030835584689e-04
-2.665626407265531128e-04
-1.451110618075457381e-03
-5.543512159840169318e-04
3.371246465975197282e-04
3.587004265176441109e-04
-4.257276970242029890e-04
-3.132108235437414123e-06
-3.108411813752542940e-04
-1.099309807321979804e-04
-9.887278696908419207e-04
1.072867443928648967e-04
-5.514493659009023219e-04
-3.427167742089398672e-04
1.900880439497099061e-04
-2.809291329404217663e-04
-6.595693694187998446e-04
3.560665138756524684e-04
-4.343245183011656962e-04
1.582400405349959627e-04
-5.235336006317314883e-04
-4.064935080860809791e-05
-3.075210494969393693e-04
-2.255888111173387500e-04
-5.040764463060121159e-05
-2.607276165221827924e-04
-2.551139017953341082e-04
2.157233596720153912e-04
-2.199535813351971569e-04
-2.325495231678242902e-03
-2.218470407717720860e-04
1.696675055912200136e-04
4.606101865002321105e-04
-4.287799436680783671e-04
-3.743956410529047929e-05
-2.939152350819318471e-04
-1.376836984995355451e-04
-1.382134791649836103e-04
-3.314559545070094870e-04
1.370440114899063033e-03
1.912559886589892955e-04
-8.631110363410687825e-05
-2.081819996591072197e-04
-8.636237623173004252e-04
3.962336244969222321e-04
-5.146378958228448042e-04
2.619160417116628281e-05
-5.399160138305214574e-04
-1.322589574304089410e-05
-2.441034802789232572e-04
-1.428032779930976659e-04
-3.653504646972116632e-05
-2.685801455607483845e-04
-1.975017011527357980e-04
1.692264182783231874e-04
-1.298856446108054286e-04
7.816005651062329918e-05
4.003449449629936652e-05
-1.950508716320742408e-04
1.203804541651809501e-04
-4.608767092124654852e-04
-2.938584576894776035e-05
-9.203430322768380023e-05
-2.481446165172318530e-04
-5.640525382922811914e-04
-2.963871495040848458e-04
1.240160316826277587e-03
1.527868791506570290e-05
7.188494206855633450e-05
-1.906369602201474223e-04
-2.158390400071819037e-03
-1.255795496563072433e-04
1.484088197928334907e-04
5.247193404833705443e-05
-3.022740208746821367e-05
-4.826278993352861590e-05
-2.149443992233157630e-04
-3.875649579352380414e-04
-4.318040141190193637e-04
2.046661212186107193e-04
6.384760929256660944e-05
1.855527724782257692e-04
-4.083098684748431850e-05
-1.987518148438560672e-04
-2.053624751782168190e-04
-1.010474081791556955e-03
9.931945907815098451e-06
-3.059329979631097984e-04
-5.725954564883561915e-05
-2.065962033089840943e-04
-4.125410769191262261e-04
2.682316950469720851e-04
1.926405957112242717e-04
-3.316393288088637092e-05
2.322285278059110780e-04
-1.072954842409323817e-04
2.422054053208277935e-06
-6.039504732172629176e-04
-9.927154432943785523e-04
2.262418959908529814e-05
-2.148677376838659114e-04
-1.580762496388166127e-04
-2.428468944239980942e-04
-3.349429207132326169e-04
1.967114397852798291e-04
1.698279721686901667e-04
2.909104965627129502e-04
2.161671845292145733e-04
4.148657323310711575e-05
-1.116136110085319544e-04
-3.666331428883173871e-04
-7.207819969342610378e-04
-1.039146513770461411e-05
-2.619323603584300386e-04
-7.870126236175778445e-05
-1.866811606622276187e-04
-1.946291809580280585e-04
-8.800864003488673148e-05
-2.717214635045150928e-04
4.805831131754478847e-04
2.031244042609570144e-04
-1.787965296318194675e-05
-2.108497849103718735e-04
-6.483399781687104735e-04
-5.328769171241143354e-04
-4.269186413718983886e-05
-2.576524650943490258e-05
-1.544716057856332370e-04
-2.924833809385685157e-04
-2.569470330459067142e-04
2.716515351627313279e-04
3.748320635835744596e-04
5.665164386137178099e-05
9.382476981467657851e-05
-9.617423518870626964e-05
-2.201512252076653908e-03
-6.564739036902800251e-04
-5.318405444054707942e-05
-2.065720551225336266e-04
-1.504851858773470497e-04
-2.672865716047967410e-04
-2.244751525842803019e-04
-2.301011057448398844e-05
-7.128455437377390069e-05
1.869216653046512633e-04
4.303525942165320473e-04
-1.023571628390174126e-04
-4.369767260933299369e-04
-5.292651819792659751e-04
-2.285285096094158419e-04
-2.956597251866366349e-04
-1.521742883175969396e-04
-3.267383234550891302e-04
-2.581830163603804351e-04
-2.023544969004253957e-04
-1.522706398828788110e-04
1.340144447731228539e-04
1.603459975413334959e-04
3.249690880946509708e-05
-2.545364438848451982e-04
-6.429070913794854292e-04
-6.879834869014667120e-04
-8.219201539405585066e-05
-2.270707344566025299e-04
-2.118059555908935465e-04
-3.585618852965932746e-04
-2.515161602602011826e-04
-2.394952818872697620e-04
7.464644575394530079e-05
1.719633436233491963e-04
1.599930168070251568e-04
-8.536097496358863168e-05
-7.373066661203742100e-04
-4.854522224234658623e-04
-7.288128104876445690e-05
-3.825963095702711314e-04
-2.061346502225669397e-04
-2.992204786209651246e-04
-2.409224888964001110e-04
-2.142051842732861644e-04
-1.456257289921270015e-04
1.540854958366200123e-04
1.271561760045614164e-04
-9.472776830776741264e-05
-6.703145910387231510e-04
-5.255590570656387683e-04
-9.863048759173320690e-05
-4.493989337800430306e-04
-2.196737687012451090e-04
-4.237427743369881483e-04
-2.509254322811127480e-04
-1.821939443831244176e-04
-2.062855291443677075e-04
1.120766310303000779e-04
4.484925286141194789e-05
-4.430357973197462940e-04
-9.385053545383215123e-04
-5.751501215187637683e-04
-2.887622131334532938e-04
-3.642274420418978309e-04
-2.072926293286148081e-04
-4.439452032700685891e-04
-3.344273226311145208e-04
-3.972997925527632646e-05
-4.163706281025136846e-04
1.417679369087876395e-04
7.155745218945241959e-05
-4.826711132726035913e-04
-1.112710230164681846e-03
-5.888840093379865692e-04
-3.217796406932427189e-04
-2.519181087018429466e-04
-5.944589109342368616e-04
-2.797127028848489516e-04
-4.146864139770167768e-04
-2.790304594484371847e-04
-3.484838120146882545e-04
1.911454023035830119e-04
1.032162292950000726e-03
-5.900863068108996856e-05
-1.128682502141598043e-03
-6.264101160255997058e-04
-1.728294062224300376e-04
-2.498372646032587241e-04
-5.555423963646832775e-04
-2.725235875647991080e-04
-5.603211637037475157e-04
-2.850452101019751439e-04
-1.958363167449128639e-04
2.644780318605821634e-05
9.010079262576908832e-04
-1.447509691943071886e-05
-5.705400980975383618e-04
-6.461623001441374470e-04
-5.171423923919782339e-04
-1.322315518387240374e-04
-5.240711439232770275e-04
-3.932094819860676438e-04
-3.001801427405803580e-04
-2.930145042727705373e-04
3.615559765834941430e-05
-3.306556032697249847e-04
-1.507299722069976866e-04
-3.506816602205642397e-05
-9.873813000210729385e-04
-7.427743380334916878e-04
-4.341762725104114651e-04
-1.191639520495835214e-04
-5.567870026133014960e-04
-5.115559413434445091e-04
-3.301524149480483672e-04
-2.924149121791286277e-04
-3.035858002730096317e-04
-6.714430512827496145e-04
2.046036422623798146e-04
4.838811108706098096e-04
-1.244492121756923808e-04
-5.107442296272690641e-04
-6.817019525021672521e-04
-2.746813343832421594e-04
-3.150883952260929988e-04
-2.544186294708428164e-04
-3.802604201521564420e-04
-2.840791260252384376e-04
-3.192635946718258566e-04
-2.383887146457652761e-04
1.363935532757709623e-04
-1.122132031019518195e-04
-5.063855691129770520e-04
-1.513273613237275939e-04
-7.366964370892903347e-04
-6.925517706741768365e-04
-3.270035755584821402e-04
-9.156522869568917145e-05
-4.671575722773324557e-04
-4.261471325145427258e-04
-2.828763961921776371e-04
-3.730759519664506030e-04
-1.242930147853371636e-04
1.280152193718908649e-04
-2.478308268607509746e-04
-1.124733257101828698e-04
-1.092334442533093863e-03
-4.775478513663333757e-04
-6.884230947784564236e-04
-8.471778583818423414e-05
-2.290270507965264102e-04
-4.135670068210473005e-04
-3.210982575649889981e-04
-3.527489952751539093e-04
-3.585470313787197938e-04
1.643126752171042426e-04
-2.821560109598220123e-04
-2.576401023933749812e-04
-8.824966262684919016e-04
-4.291506526316046788e-04
-7.637474103683317139e-04
-6.564252668717074357e-05
-1.708057226115222704e-04
-4.769178801027340597e-04
-3.104254805043060728e-04
-5.633308280383886313e-05
5.017730191791969219e-05
1.518606229278240960e-04
-3.104646715822445557e-04
1.232694643337195473e-04
-9.756232295941025257e-04
-5.911749068487903713e-04
-1.768034163702747463e-04
-3.481983404651778358e-05
-7.287003093944255383e-04
-5.651150261412052345e-04
-2.364738445672642797e-04
-2.054869507297496511e-04
3.808933377869028192e-04
3.424078081600834267e-04
-1.433354506089612457e-04
3.569597754458087024e-04
-6.516460642304044981e-04
-8.785317736222930662e-04
-2.484393352756297801e-04
6.191707204838969858e-06
-6.561142618184412356e-04
-3.123080096163466379e-04
-5.841038125642405987e-05
-1.045432748240093801e-04
1.320410715384134903e-04
3.612393302633298831e-04
-4.748564848496839019e-04
1.104987362787746008e-05
-4.612198611106954615e-04
-3.032685171774351929e-04
-1.630311977813825308e-04
-3.450954525575644638e-04
-3.122521917977572059e-04
-2.873407547471229506e-04
-1.426700750938314499e-04
3.764858808918969402e-05
2.425232634311047519e-04
2.579221055041269750e-04
-1.331163162856419113e-03
-1.866917453929861637e-04
-1.234738860369510860e-04
-7.134847394164589574e-04
-9.594051595074315486e-05
-3.179742376961947059e-04
-6.467521156083844147e-04
-2.059403110360458200e-04
-1.697223910416267856e-04
1.425680469656631644e-04
-4.125113690836013092e-04
-5.212927201100336916e-04
-2.550128486833447283e-05
6.844035456554653507e-04
-1.898433223271878134e-04
-1.630872567802699180e-04
6.604363467377361019e-05
-3.699860458872272773e-04
-4.035669377476791553e-04
-2.974314267629729613e-04
-1.807875810948544881e-04
-1.199113075730506850e-04
1.596322734466193438e-04
-6.255959601523253255e-04
-3.865142085124340099e-04
1.231435416998438725e-04
-7.493525529878031222e-04
4.226847270016875768e-05
-5.320173913960779544e-04
-2.595131482631130027e-04
-2.721118624938734243e-04
4.164960308639109599e-06
-3.671032667021956186e-04
1.857408806811289281e-04
-5.477316915349916826e-04
-4.037889185597443031e-04
-1.773041083277249186e-04
-6.508349392887469165e-04
8.309942719419982637e-05
-5.362056719365737578e-04
-6.123407345208775610e-04
-1.707139659737899606e-04
-8.581323378131777702e-05
-1.073890137014421597e-04
-5.345897875985716752e-05
-7.856113846762546871e-04
-7.872391096487296736e-04
6.158419553703442517e-04
2.828375654140291573e-05
2.375160056145020349e-05
-4.576325675393899672e-04
-1.697556445231507283e-04
-1.324843419747701034e-04
-4.223581849316371262e-05
-3.019642540773581629e-04
-7.895654636178583985e-04
-4.290293771320730087e-04
2.045750881219943196e-04
-1.443047794444152210e-03
1.800708657749838792e-04
9.235477387503632229e-05
-3.087029356090287280e-04
-1.452627826546981638e-04
-7.085246794269473014e-05
-6.454037731158379643e-04
-6.666890512577738903e-04
-6.840439684904220385e-04
2.585137459979458541e-04
-4.681030538136177199e-04
2.052246972046312123e-04
-6.082464135950260697e-04
-3.082154615133836373e-04
-1.426313141699164788e-04
-7.208533576530395948e-05
-6.439650688608855589e-04
-5.433752339976116730e-04
-7.470112928941174957e-04
8.155718015439017421e-04
3.886179823949786893e-04
1.703542071881392062e-04
-8.519113029252789460e-04
1.180556840452151590e-04
-9.926217947131554808e-05
-8.978082397181896823e-05
-6.908615145387875245e-04
-1.204452552178492120e-03
-7.189392780279080242e-04
7.698674487617296336e-04
1.930192562746846363e-04
3.429630421802887241e-05
-1.069615159477343980e-03
-1.182654242173342141e-04
8.731386992455458795e-05
-9.041165554346530797e-05
6.730003155508423873e-05
-7.343957107424081698e-04
3.554639107036239309e-04
-3.799306280294345584e-05
4.227472956649380720e-04
3.398715897522386342e-04
-7.215337437049829106e-05
-1.321338053978937666e-04
-4.555270928937593666e-04
-1.351889263532246588e-04
-5.014663186093670788e-04
-7.130330997262568360e-04
5.383852470507433097e-04
6.456609044988015356e-04
-1.951425760630121076e-04
2.276619646495170457e-04
-2.910286543644780011e-05
-1.528809909745465490e-05
-1.283308465581667335e-04
-1.495082236826483779e-04
-2.364379057481214019e-04
-3.455403266965362263e-04
9.770366665273755302e-05
3.695292119950677190e-04
2.641825550020460156e-04
-6.801484449118211373e-04
2.512685194723252025e-04
-5.419220390667778275e-05
-1.451812328004953301e-04
3.299493359136818071e-04
5.707268511312424408e-04
-1.659639417486147295e-04
9.961319987978889401e-04
3.475929298948354784e-04
4.429025297135735784e-04
-1.925973045668882833e-04
-1.082471967606135621e-04
-1.111458791451802597e-04
-1.499719797459775350e-04
-1.976964704935024741e-04
-3.599702103812552068e-04
-6.676072691158552175e-04
2.623647078232593799e-04
6.528276444551783797e-04
9.546112794217576081e-04
-9.437881558016503192e-05
3.858054969989588301e-04
2.490070886167483621e-04
1.887068082762066723e-05
-1.916097054346366235e-04
-1.830479104619753272e-04
6.980931129018097536e-04
3.761184116857219095e-05
2.475515164408470525e-04
4.019647756904332070e-04
1.565613860585735040e-04
2.349514595413326745e-04
-1.826721242100814990e-04
-4.744978775528263526e-05
-3.023431558210054604e-04
-1.897353691028280664e-04
-2.770094089684649319e-04
-4.918438086106702301e-04
-8.906886769991517738e-04
4.152317919544623592e-04
6.161065361393047723e-04
-5.029449374830408104e-04
7.412539148040631076e-04
-1.057065723988337425e-04
-1.721455789369663592e-04
-1.493741604753351382e-04
2.309761589313064079e-04
-3.650458994557403969e-04
-3.752837157737776153e-04
-1.103190974049428341e-03
3.213792959541050820e-04
-2.839891797112858995e-05
-2.314382590853369948e-04
6.843492072726720110e-04
-1.004134974398329661e-04
-2.785750851388435478e-04
-1.476385344851838255e-04
-9.975228669822922001e-05
-2.611237641342301075e-04
-3.800467688870323713e-04
-1.710659568390782148e-03
2.934335816690003540e-04
-3.811956949048012078e-04
-4.562297498968970189e-04
-5.149708931443397475e-04
1.428644164858106080e-05
-1.965384913873435835e-04
-2.057548359640781754e-04
-1.004639967896459041e-04
5.297944155768785635e-04
-2.117119437693437689e-04
3.033680562943841252e-04
2.841075632518119676e-04
-6.073403643170882660e-04
-6.387449208219431185e-04
-4.964452267464114499e-05
-2.175015981191741332e-04
-1.994349707949982786e-04
-1.448080796796480385e-04
2.706617852601400642e-04
-7.423239343928855760e-05
1.326816275326603289e-04
3.578464751452514747e-05
-3.408415775689732641e-04
-6.278354980051581435e-04
-3.939961506482791975e-05
-1.915788961106557053e-04
6.811566686426573369e-05
-7.817118830910629868e-05
-1.421650595367918157e-05
-5.631927713837248106e-04
1.486386154376795332e-04
-4.929969516086485370e-04
2.099901944753179706e-04
-1.466791115459775696e-04
-1.110337611474054853e-04
-1.579483652084379131e-04
-1.287095071215160758e-04
1.937895217291041305e-04
-1.304867683469268513e-04
6.994098328216846738e-05
3.727476363390991310e-05
-2.285641550414663214e-04
-4.245889777898526063e-04
-1.122446837605872716e-04
-1.208146715133695537e-04
-2.210722678919196937e-06
-6.480024682731233554e-05
1.000686447787391131e-04
1.078601742968698929e-04
2.332904957935699741e-05
-5.499426105393112607e-06
-3.835213775396084657e-04
-1.164659766020870180e-04
-1.109078907201022091e-04
-6.617182499168983156e-05
-3.738565587652065147e-05
1.330555586076531682e-05
6.423489279006044939e-05
-3.989197747522599258e-05
-3.282000744079249799e-04
-5.880089583577552403e-04
-8.791712457756339916e-05
-9.666238061878384968e-05
-3.252289452582157736e-05
-2.761226695624507954e-05
7.281941092562860263e-06
1.555562623767325903e-05
-7.778812179204397381e-05
-3.589489798203615578e-04
-5.846640069585573585e-04
-8.660050392372831141e-05
-7.008757316362412837e-05
-1.424657703041898316e-04
-4.639482135226913329e-05
-1.005304493406633526e-05
1.788552585268998740e-05
-6.765710500311605813e-05
-6.466546103479631213e-04
-4.761328129372355278e-04
-1.117241973638272157e-04
-1.506127769207443734e-04
-1.339819795399543878e-04
-7.811867495610691492e-05
6.370736730842985196e-05
-4.837638736732152722e-05
-6.692656519402540027e-05
-4.862279431137039865e-04
-1.150243980359011431e-04
-8.870971318875042755e-05
-1.306117784658500369e-04
-7.574824159439774718e-05
-1.587449296195364568e-04
-7.798528308322616454e-05
-5.640241187132577494e-05
-3.861882502758096081e-04
-1.499496418821966159e-05
-3.148929545512269002e-04
-2.165694388581718144e-04
-8.190769239280193403e-05
-1.333518193026295151e-04
-2.603087655994595906e-05
-2.071835746157990599e-04
-1.388068402750075592e-04
-7.219055144513930600e-05
-2.790982046666501404e-04
-1.880434298529021220e-05
-3.319239275505481146e-04
-2.655538199261009424e-04
-3.870203233522495623e-04
-1.368053430537141679e-04
-4.466940214553627442e-05
-1.669650521298748913e-04
-1.252287196921164636e-04
-5.391472881033365638e-06
-7.126174885618841159e-05
-9.630034679630750105e-05
-7.628712578994223392e-04
-2.134824070902929805e-04
-1.081319632710853185e-04
-1.421418260709739201e-04
-5.142600088015036874e-05
-1.530257580325544708e-04
1.214642680957833676e-04
-1.323852528650748539e-04
-2.695599673607773639e-05
-2.667058092288288051e-04
-2.502138442506129934e-05
-2.015413057485648807e-04
-1.289882704736955432e-04
-1.157571408220148257e-04
-1.721417921106693782e-04
-1.403470255900707286e-04
-2.205582507169845385e-04
-9.598881232353306814e-05
-6.203299451923438568e-05
-6.508287083051289557e-04
1.430442127895448223e-04
-1.191570497316440935e-04
-3.435957142228218686e-05
-1.822581961621327906e-04
-1.897564017974140427e-04
-2.107429853811515486e-04
-5.288224439037314539e-05
-1.242354241438592410e-04
-2.020436337620834522e-04
1.556172471912642408e-04
-1.730556040148156782e-04
-1.603578006742489848e-04
-2.193777072738711809e-04
-1.989319714470472178e-04
-2.508515928463239675e-04
-7.691000752663157414e-05
-1.951401319056911277e-04
-1.038542068651282513e-03
-3.199690068667049303e-05
-1.159242163303320083e-04
-1.571139001815824443e-04
-2.058461102409925303e-04
-2.992807023934895838e-04
-3.070829210558567723e-04
-6.114424331626899800e-05
-1.081322248193683500e-03
4.865067785257970456e-04
-8.267546148321702759e-05
-1.551498212152280232e-04
-1.947142242513244526e-04
-3.274247316650269468e-04
-4.413704129119233599e-04
-5.859188052848018913e-05
-8.969285239566193724e-04
6.203050234632190296e-04
1.165367726050359209e-04
-2.692242472008832266e-04
-3.246796135398799521e-04
-2.275209270641287418e-04
-1.162330654653764839e-04
-2.807535168525276958e-05
-1.809978756877050898e-04
2.319076468578762373e-04
2.841202141925514013e-04
-3.463437934255741979e-04
-3.933122535085820104e-04
-2.583134817151222506e-04
-1.349436054561836684e-04
-1.396517010588960161e-04
-1.383315869659673680e-04
-2.119250457610633021e-05
4.941297530998145504e-04
-1.914785165387788979e-04
-2.887486496777613709e-04
-2.278278144026701924e-04
-4.399210717196400111e-04
-3.751372428061339193e-04
-1.554310287248394928e-04
-2.082294357239611315e-04
5.756228137566710146e-04
5.166099808018298489e-05
-2.318326338746068416e-04
-2.024067690732378466e-04
-4.197747017855579799e-04
-3.504644655148991816e-04
-1.568509032620069021e-04
3.433860608169636564e-04
7.325831173252694839e-04
-7.896047245503634571e-05
-2.553168639161107478e-04
-1.921058024645372342e-04
-3.680974747652943080e-04
-2.901445650022038691e-04
-1.293241943132183991e-04
1.125148962384248108e-04
5.788350446174206354e-04
-7.556123487995058952e-05
-2.108919025063382691e-04
-3.881738442975679604e-04
-2.844834664174067385e-04
-2.583245488066987505e-04
-1.426089388064655239e-04
-5.663139691478580318e-04
5.825269869476068507e-04
-2.425273561447172099e-04
-3.037087441820629508e-04
-3.863892506000832228e-04
-2.982496952032009929e-04
-2.459072816413110374e-04
-4.713939080103202173e-04
-1.985227427401259348e-04
-3.132550227951114152e-04
-2.743218814847958598e-04
-3.550301161565627694e-04
-2.451455023541049272e-04
-2.705204542876593621e-04
-9.123342161408976025e-04
-1.260044925890380085e-04
-2.426465654342679912e-04
-3.750643680927590040e-04
-1.922615697009799618e-04
-1.013857058806966194e-05
-1.427246024502393240e-04
-2.920211565176078494e-04
-3.544908000421287397e-04
-2.699075921256399724e-04
-1.921636342864241342e-04
-1.737426835590749619e-04
-3.401841014468720559e-04
-1.465847217773097455e-04
-7.039357754655695132e-04
-2.806023143956393184e-04
-4.474893299635240851e-04
-1.801511898741336992e-04
8.177888294713664408e-05
-1.373566387745661643e-04
-3.237219634236732091e-04
-1.877595517106867007e-04
-2.407573751845859533e-04
-1.660461629373610748e-04
-1.200371257935595182e-04
-1.408892682225326709e-04
-3.186555686177650060e-04
-6.092516887497012590e-04
-1.962238414228156813e-04
-2.535759194571829411e-04
-3.857163014324704875e-04
-2.254103751303526693e-04
-9.875357767953341082e-04
-8.125979172024511143e-04
-1.904386452337147873e-04
-2.538757155039483848e-04
-3.865507664593259562e-04
-2.129547771951845192e-04
-9.153020386192256552e-04
-8.240402361764376238e-04
-7.134080256701036404e-04
-4.012726835647129064e-04
-1.315574489757498355e-04
-5.922265989344310810e-05
-1.250585808987292324e-04
-4.508249870940339576e-04
-4.646153640662786799e-04
-5.886519585093230589e-04
-1.114795478011076924e-04
-6.635106908003951531e-05
-2.330940558374905436e-04
-3.435596731963252992e-04
-5.110828388046328996e-04
-1.192075490813460092e-04
-1.069797327878374560e-04
-3.411863133164771966e-04
-8.789426685340551160e-05
-1.126554963166714884e-04
-5.846651084471243820e-04
-3.124116936535914490e-04
-1.160030808469159069e-04
-8.461026276784799904e-05
-4.484620207645395595e-05
-1.362631004213632480e-04
-3.424814711215917740e-04
-5.335892463432800881e-04
-2.451953825762798189e-04
-8.840613031591004756e-05
-6.506348492729685518e-05
-3.538410424330784565e-06
-1.368591468691171542e-04
-1.346265635409071848e-04
-4.223321940685087483e-04
-5.104200964204386182e-04
-7.058400086065175216e-04
-3.775411708295539626e-04
-4.535495004731604496e-05
-1.330293522994185906e-05
-9.101546461731668813e-05
-2.716782444200926960e-04
-5.913124634951971714e-04
-2.499513443977585680e-04
-1.023633574985360895e-03
-6.166424735221109898e-05
-2.129350327573220625e-05
-1.759456112584434351e-04
-1.961715692500032304e-04
-5.909636997410983028e-04
-4.199012435471827231e-04
-1.132464565053559191e-03
-3.497732189916558099e-05
-4.534431310976305696e-05
-1.403197619118667916e-04
-6.559729359933985648e-05
-6.630133055142151122e-04
-3.541331721734763960e-04
-4.420805913608605309e-04
1.376335123900451762e-04
-2.639535453996533221e-05
-1.403197619118667916e-04
-2.071676890647022873e-05
-6.721941936325137590e-04
-2.243809517891159899e-04
-7.075944643144538304e-04
-4.211215104299448342e-05
-2.915704293424692395e-04
-2.245635003429446996e-04
-2.766077017073431676e-04
-5.374280917953555559e-04
-1.286612107486151402e-04
7.449159103245506230e-05
-9.327708444673010746e-05
-1.364667338765723770e-04
8.209060639363663370e-05
-7.681889111990081176e-04
-2.024145316993353205e-04
-3.299223781227933472e-04
-5.372796548253067073e-05
-3.461470100817320983e-04
5.216021060172604251e-05
-3.179077307334798874e-04
-3.917242019746414172e-04
3.106321125376787506e-04
6.684593976649111369e-04
-2.590965348774343369e-04
-1.678446980376557818e-04
-4.208137127824640444e-04
-4.144931762788406360e-04
-1.466440852416761587e-04
4.976118831980791413e-04
-2.066007982365336559e-04
-1.654097717165292636e-04
-2.374350403293590261e-04
-3.001561835278554469e-04
2.596942894410592118e-04
2.957734990938210018e-04
-1.948097155085593002e-04
-1.831737286824841604e-04
2.806372237863508090e-04
-1.687421243815601102e-04
5.756826595818553827e-04
1.252818396726418371e-04
-2.205553764057510691e-04
-1.955697219728769198e-04
3.401787182710780399e-04
-4.079874058838806050e-04
5.256867723756331046e-04
1.072865554193613846e-04
-2.532098576280006341e-04
-1.955101173281015292e-04
3.891719634535606431e-04
-2.685898699833488834e-04
2.194245962707785935e-04
1.581169076523281092e-04
-3.086350859773379085e-04
-1.754687741002403101e-04
3.075703304445953634e-04
-7.657863258443420307e-04
-7.054079221753273288e-04
-5.216627577391275139e-04
-2.754683111385602956e-04
7.839275359977637692e-04
5.464196533085940999e-04
-7.367429084323973143e-04
-6.010034400472097360e-05
-3.318844430856282557e-04
-2.130445198295083387e-04
5.013869070249477033e-04
4.676034831978537198e-04
-4.164576853991075467e-04
-7.741582897924370599e-05
-4.313958346939816835e-04
-1.789169793825484689e-04
6.159080321791465806e-04
-1.348606291080911568e-03
-5.909061068942733641e-05
-2.106805064250316661e-04
-2.130533839440618138e-04
5.701859511676454773e-04
7.075451907198049284e-04
-6.820251731941562312e-04
-7.411984528737924904e-05
-4.657103818552776886e-04
-1.665209860922667318e-04
9.709935036467109981e-04
-1.256880061240361890e-03
-1.269554815677143011e-04
-4.204988216375271648e-04
-1.393749517100140167e-04
-6.618854643978266949e-04
-8.537237794287166892e-04
-6.796569428094700882e-04
-3.513084659908516372e-04
-1.079125633832722642e-04
-9.369183522861534996e-04
-1.019808240782182907e-03
-5.857831729340068350e-04
-6.364652793764413730e-04
-1.260040102282200536e-04
8.644594008925254869e-04
-5.459466676835944554e-04
-2.902828451897265793e-04
-2.124012784974205204e-04
-9.935881868842200149e-04
5.082297027482196583e-04
-1.123052509210964445e-05
-8.874090266609568900e-04
-1.169966175755821070e-04
5.254377168590895764e-04
2.126037457571561262e-04
-1.332405616129017645e-04
8.381253216127593220e-05
-2.051109232975578678e-04
-8.737208020835884881e-04
5.452048938681119949e-05
1.975729795166136782e-04
4.126834571732684864e-04
-9.854635556312274502e-04
3.241603028969475275e-05
2.691563850688583059e-04
2.649145242461514727e-05
-1.509601310930586138e-03
6.358748668433555906e-05
2.052183294541931602e-04
3.028026301971076251e-04
2.560679415587463481e-04
4.630826354898864849e-04
-5.513586041328011333e-05
-1.346374326880450667e-03
8.015580510889463994e-05
2.378284901035643273e-04
-2.643402119751891988e-04
-4.272283978743462995e-04
-1.181616451783829014e-03
6.075554303108798848e-04
-1.231509910855077550e-04
5.030653725277556276e-04
-1.079105326884710614e-03
6.002240590035068379e-04
-1.166985943517051538e-04
-2.945590955417687340e-04
4.307457476593334889e-06
5.678622825361356874e-04
-7.344866894254398204e-05
-3.856172645293476364e-04
-1.698678982584245212e-03
2.595434105194804886e-04
3.833617587700732798e-04
3.345683602165028248e-04
-1.702484815735205714e-03
2.142928481974060162e-04
3.648140773072627852e-04
-3.469737124824900931e-04
6.426612234146089619e-04
2.470718571779828565e-04
1.349739199191235528e-04
4.972748578699892619e-04
-4.147089783141932884e-04
3.022817136463240573e-04
-9.042817882667364415e-04
1.266102089732878966e-03
3.019223129547832229e-04
-9.177630749234166885e-04
1.285889058975420163e-03
3.587762799558413818e-04
-9.579820275634753912e-04
1.317947013593778749e-04
5.062168972551628343e-04
-9.561218738149968033e-04
9.455915292152505813e-04
2.306706142617409583e-04
-1.123987383220170777e-03
8.203887628859263259e-04
1.310724087433268181e-05
7.247981967380967561e-04
3.978261863983867386e-04
-6.154749089664068862e-04
1.317360982751147880e-03
1.386080304275338904e-04
3.517351692462478141e-04
7.416882564189597460e-04
-1.676871579783245636e-04
-5.603944685711459428e-04
1.623867380470267463e-04
8.659665239052483088e-05
6.341650228899320396e-04
-1.005180417852358232e-04
-1.165590995119369921e-03
3.142852939441720395e-04
1.125839539772854891e-05
-1.846714974996777059e-03
1.293728561332363469e-04
-1.003747327659398891e-03
-2.995787256173665369e-04
-4.091339700984519823e-05
-1.704387947387808744e-03
5.953039503969748125e-05
-1.380498751835657067e-03
1.350142668987697192e-05
-1.160835033297669128e-03
-3.268546062265009766e-04
9.373526836065071421e-05
-6.203667068183094102e-04
-7.534715346091402921e-05
-4.188646767077086608e-04
-1.077036114592866411e-04
-5.877594204802827349e-04
-1.381492529744732245e-03
-2.106095935082707982e-04
-1.108221188855784689e-03
-2.403729137918642067e-04
-4.164031580426996726e-04
-9.935524892454861146e-04
-3.173626137895624311e-04
-2.608910941779285508e-04
-4.684834349931721320e-04
-6.588411693535523028e-04
-7.148046123289786280e-04
-7.148046123289786280e-04
-6.265372247081790746e-04
-4.945235734682418283e-04
-3.028492184539155474e-04
-9.090573857017947290e-05
-1.589164110817886666e-04
1.255196935368019240e-05
3.103084094847607943e-04
3.218582316757423456e-04
-7.663264699133698343e-04
-7.743340948538346424e-04
-3.141432592836945759e-04
-1.775258678128333045e-04
-1.243628485668279993e-03
-5.499999202962513323e-05
-2.837909117836545647e-05
-1.515677093458789315e-04
-2.523904031390689084e-04
-4.610496377570605375e-04
-1.417748193734968964e-04
-1.983914692840205163e-04
-1.428346218845799598e-04
6.437789423078266182e-04
-1.034460261899239342e-03
1.989027533244591694e-05
-6.735211254832451644e-04
3.364977386189904607e-04
-2.546952420527937022e-04
-2.688197700416727898e-04
-2.577226691760081678e-04
1.345124513928430687e-04
3.597023450001568534e-04
-1.148620643692921384e-03
-2.233755398675096870e-04
-1.201692925729469508e-03
-1.703810208590894604e-04
-2.227681851478813257e-04
-2.086188376381192811e-04
2.161579748207742568e-04
-1.957335974291929404e-04
1.447753284122832440e-04
-4.480754556623889329e-05
-3.910467100861625411e-04
-2.031221292240203979e-04
-2.406393717969690371e-04
-2.944428649771513307e-04
3.876365620396615697e-04
-6.815949639993323927e-04
-5.461366531228639687e-04
-3.206895112188856700e-04
-3.277086767189407723e-04
1.405571510624259446e-04
-1.240424395381078959e-03
-8.213689574861904319e-04
-6.858734173283975721e-04
-2.893467623357182106e-04
-1.621816898630390469e-04
2.299753169376916873e-05
-2.517475971086646780e-05
4.343338324229728542e-04
-2.090847700603748471e-03
-1.708337001247839382e-03
1.748229716970195469e-04
-8.951054678696390710e-05
-4.578211581030000588e-04
-2.040221364920657976e-04
-3.591092052173117111e-04
1.787812676190547734e-04
-2.652095143326205218e-04
-4.300139129791435977e-04
-3.111792611332209191e-05
-1.372784455925257774e-04
3.514246840551349393e-04
9.838945573470425643e-05
3.602078407122233372e-04
-3.202651352071095303e-04
-3.021577329557212366e-04
-2.026811264714822869e-04
-1.064562275920333256e-03
-2.480531010600195430e-04
-5.548960395408419899e-04
-9.336021815020689729e-05
-1.132522140989689063e-04
-2.693514602969404592e-04
-6.185528207325319272e-05
-6.414306754827237000e-04
-1.538529427940193983e-04
-2.116233548302703937e-04
-3.823321589554451450e-04
-2.829499422398740194e-04
-2.609398729115364191e-04
-1.212868615371176517e-04
3.356941873297047962e-04
-3.898051149159309503e-04
-1.551646751331015039e-04
-2.005479579936242374e-04
-1.085631371874340445e-04
-6.153328941593816381e-04
-1.190759300313537494e-04
7.842240275791612092e-04
-7.337977002930262671e-05
6.082684330710463882e-05
-3.151862784339654056e-04
-2.297887778770490996e-04
1.956049571041340585e-04
4.021155501985340663e-04
5.402649342046705883e-04
-1.010366715341493027e-03
-8.990411943072817991e-04
-9.741725133795009484e-04
-1.032157195808403038e-03
-2.216144752289483932e-04
-3.077219130542818704e-04
-3.103427446015105673e-04
-3.755360434023469196e-04
-1.125822013759991691e-03
-9.021435101470576257e-04
-6.903316493133138110e-04
-8.770410905819536751e-04
-8.276157391151617304e-05
-8.270019644374126955e-05
-7.660988573932048240e-05
-4.566975663200523172e-05
-8.680050717291276641e-05
-1.062245300780251256e-04
-9.789051674702342609e-05
-1.044889040877627906e-04
-3.198362686810396482e-04
-3.054137174682836076e-04
-4.336999699197097158e-04
-4.204099069576860970e-04
-1.564953938101298903e-04
-1.620173518992462647e-04
-1.516390524165522891e-04
-1.998255264045178947e-04
-1.914035432618588217e-04
-1.536897585253660381e-04
-1.810270166022753813e-04
7.292000961900413358e-05
-7.784960367318571883e-05
-4.019247044512175293e-04
-8.746307426013011366e-04
3.872908615706327495e-04
2.325259642557142570e-04
3.139574459709582044e-05
3.278437965603675508e-05
-6.412118623692064645e-04
-4.147319404518290398e-04
-1.136388851599501315e-03
2.234401372404049013e-04
-2.830528703826606929e-04
-2.685742601710172650e-04
-3.507353816807334823e-04
-3.011531813422729797e-04
-3.564857927459419429e-04
-2.232676388499443831e-04
-2.130734717704640957e-04
1.231368283554079568e-04
1.796927721325891625e-04
3.185645031676953565e-04
3.613010334716504346e-04
-1.704764459375951446e-06
-1.519957677704741883e-04
-1.055413161847540415e-03
-1.330263690155764067e-03
-6.251786430785388760e-04
-8.611758071078723376e-04
-6.802792558604497941e-04
-9.036420080201779115e-04
-1.274922689645796581e-04
-1.540582123051859043e-04
-1.126996801227297951e-04
-8.338483183079059557e-05
-2.296681413584966691e-04
-2.129823864672752975e-04
-2.356669366058161685e-04
-2.275624777392515341e-04
3.481827005058502067e-05
1.140168875508607016e-04
-1.303184994372319494e-05
-1.748790630493601839e-04
-7.601080335978283031e-04
-1.561944440681140023e-04
-2.992839222988319392e-04
-1.821260101912969276e-04
1.455690780716167865e-05
-2.640050638833546515e-04
-1.620793484945481921e-04
-1.642304341752387487e-04
-1.804883196155904201e-04
-2.158090544465141036e-04
-2.025750504834888943e-04
-3.749722857144810462e-04
-3.228707348891246554e-04
-2.407898205646352707e-04
-2.526511448749380051e-04
7.673334333306858213e-04
2.690481384575171830e-04
3.070865387617693898e-04
-2.452495319853476019e-04
3.667206501922759543e-04
2.326350189685300052e-04
-2.022745831022909613e-04
-2.604923656416291422e-04
-3.391545413388152852e-04
-3.336726868423678383e-04
-3.306853633120443448e-04
-3.136927210822815226e-04
-1.760449937552310828e-04
5.151667588254582597e-05
9.979643815061223222e-05
-4.998869944229378248e-04
-7.001125074723724140e-04
6.149250279745555048e-04
1.419805712453703350e-04
-6.834243084238300625e-04
-6.417028299039451156e-04
-4.740562380258772635e-04
-3.240437568865495166e-04
6.949557457569532914e-05
2.814058803912722340e-05
-2.166407547232740427e-05
-2.237578556374408834e-05
4.180082613380875500e-07
-4.205351111974398037e-05
-2.227186034609029974e-05
-2.535711929096962081e-05
1.196744926964532496e-04
-8.775786390213813348e-05
-1.112350026518660329e-04
-3.099320688122464418e-04
-1.542667999584690364e-03
-1.302428268838862202e-03
-1.735216923218652063e-03
-6.969233806641828011e-05
-1.392208205296396883e-04
-5.792613221311526672e-06
-4.744385015897911728e-05
-5.554393836617599334e-04
-5.361817649305322675e-04
-4.854688491642278336e-04
-5.461917996069098891e-04
-2.689050023086947405e-04
-2.614019083586605063e-04
-2.746323666759087345e-04
-3.284376326788684963e-04
-1.130477203356017313e-04
1.557195885596440732e-04
-6.761479843353512820e-05
1.962690046564130597e-05
-2.684281651504916155e-04
-3.526772220503460176e-04
-3.344399735720759992e-04
-3.063101268839796276e-04
-8.539116515982048128e-05
-6.864935126971172252e-05
-8.181488647329704378e-05
-1.158296375880496498e-04
1.928202699537084897e-04
1.485357917084817458e-04
1.715467302376705305e-04
6.542454152813625967e-05
1.330144358804297156e-04
1.989843678864566812e-04
2.847100296567983690e-04
-4.028824913344664083e-04
-3.370771906794356454e-04
-4.736821723901885051e-04
-1.982650642893268866e-04
-2.024934484224916176e-04
-2.073703923566316831e-04
-2.277150772771463494e-04
-2.100650111318547175e-04
-9.240322517690691129e-04
1.044445511613201205e-04
-1.907960841288636189e-04
-1.388155154159464999e-04
2.055705866472745669e-04
-3.981588704794480904e-04
2.000975962654916174e-04
-6.977311437860178600e-04
-9.675591007951567235e-05
-1.055703062144974780e-04
-1.164041689803996249e-04
-1.129435539375389652e-04
-2.217780896515142430e-04
-1.851194602917605181e-04
-1.495301688920758210e-04
-2.071572234524365896e-04
-7.643891899122845501e-05
-4.891674004253721009e-04
-7.970069911266142171e-04
-1.759627203599123391e-04
-1.797667806878733288e-04
-1.795808754619931946e-04
-1.577041980065363447e-04
-5.657338781065446298e-04
-4.683977203653322263e-04
-2.494020626803150620e-04
-1.959314477018025968e-05
-3.283179410284997601e-04
-3.785433826991591033e-04
-3.623869783192512628e-04
-2.870467073231575128e-04
-6.357183716543257646e-05
-1.160363343282178050e-04
-1.498108940408693357e-04
-1.912183939305478475e-04
3.486844365974128834e-05
-8.175302664481520765e-05
-3.675779008834867412e-04
-2.000853034187510815e-04
-1.707161689507019631e-04
-2.143219494054049434e-04
-2.083001074603130220e-04
-4.112613575990575754e-05
-6.888594481901932909e-05
-4.828593148653581579e-07
-3.045859040207155033e-06
-6.317873217631664318e-04
-5.307751770980972950e-04
-4.596036855903928853e-04
-3.219329115654590012e-04
-5.494310507603294980e-05
2.413686409972193303e-04
1.417274031618731556e-04
-8.033937412057490235e-04
-2.992798398804286109e-05
1.070997398844308890e-05
1.190658997213267511e-04
2.634177124298808792e-04
-2.948876869092176278e-04
-2.676991047771970500e-04
-2.170316110722270153e-04
-2.496371245872541778e-04
