9.988594055175781250e-01
9.987421035766601562e-01
9.988544583320617676e-01
9.988542795181274414e-01
9.988544583320617676e-01
9.982092380523681641e-01
9.980062246322631836e-01
9.985226392745971680e-01
9.988771677017211914e-01
9.988771080970764160e-01
9.976838231086730957e-01
9.988768696784973145e-01
9.983051419258117676e-01
9.974885582923889160e-01
9.988767504692077637e-01
9.988765716552734375e-01
9.988764524459838867e-01
9.970556497573852539e-01
9.973487854003906250e-01
9.968780279159545898e-01
9.988760948181152344e-01
9.967470169067382812e-01
9.982516169548034668e-01
9.983218908309936523e-01
9.976323843002319336e-01
9.988522529602050781e-01
9.979865550994873047e-01
9.979798793792724609e-01
9.979690313339233398e-01
9.981142282485961914e-01
9.980201125144958496e-01
9.988754987716674805e-01
9.988754391670227051e-01
9.960569143295288086e-01
9.987275600433349609e-01
9.983276128768920898e-01
9.968181848526000977e-01
9.967480897903442383e-01
9.988523125648498535e-01
9.979647397994995117e-01
9.977487325668334961e-01
9.959351420402526855e-01
9.959011673927307129e-01
9.958702921867370605e-01
9.958416819572448730e-01
9.958201050758361816e-01
9.967476725578308105e-01
9.984956979751586914e-01
9.955924749374389648e-01
9.965342283248901367e-01
9.975509047508239746e-01
9.954012036323547363e-01
9.983232617378234863e-01
9.952571988105773926e-01
9.980464577674865723e-01
9.979949593544006348e-01
9.988290667533874512e-01
9.966766834259033203e-01
9.979395270347595215e-01
9.979803562164306641e-01
9.963870048522949219e-01
9.960415363311767578e-01
9.983510375022888184e-01
9.946921467781066895e-01
9.947797060012817383e-01
9.947565793991088867e-01
9.947395324707031250e-01
9.947289228439331055e-01
9.963554143905639648e-01
9.973984360694885254e-01
9.948427677154541016e-01
9.947557449340820312e-01
9.980015754699707031e-01
9.966738224029541016e-01
9.964203834533691406e-01
9.957579970359802246e-01
9.973412156105041504e-01
9.942087531089782715e-01
9.963257312774658203e-01
9.969736337661743164e-01
9.980839490890502930e-01
9.970534443855285645e-01
9.948738217353820801e-01
9.963510632514953613e-01
9.978514909744262695e-01
9.948559999465942383e-01
9.940138459205627441e-01
9.936446547508239746e-01
9.940722584724426270e-01
9.967804551124572754e-01
9.938204884529113770e-01
9.939649105072021484e-01
9.948021769523620605e-01
9.969041347503662109e-01
9.961658120155334473e-01
9.940961599349975586e-01
9.940600991249084473e-01
9.940237998962402344e-01
9.939889907836914062e-01
9.939568042755126953e-01
9.954187273979187012e-01
9.966323375701904297e-01
9.959477782249450684e-01
9.941179752349853516e-01
9.952695369720458984e-01
9.953743815422058105e-01
9.938496947288513184e-01
9.960332512855529785e-01
9.926947355270385742e-01
9.953380823135375977e-01
9.966334104537963867e-01
9.954519867897033691e-01
9.954405426979064941e-01
9.951590895652770996e-01
9.953998327255249023e-01
9.942961335182189941e-01
9.962842464447021484e-01
9.942655563354492188e-01
9.942473173141479492e-01
9.957180023193359375e-01
9.957225322723388672e-01
9.917348027229309082e-01
9.933489561080932617e-01
9.933609962463378906e-01
9.959740638732910156e-01
9.916129112243652344e-01
9.915726184844970703e-01
9.915320873260498047e-01
9.926535487174987793e-01
9.926229715347290039e-01
9.925876855850219727e-01
9.923065900802612305e-01
9.913109540939331055e-01
9.912309646606445312e-01
9.923117756843566895e-01
9.910715818405151367e-01
9.909921884536743164e-01
9.954695701599121094e-01
9.944270849227905273e-01
9.943000078201293945e-01
9.914693832397460938e-01
9.952023029327392578e-01
9.914587736129760742e-01
9.941310882568359375e-01
9.927403926849365234e-01
9.926477074623107910e-01
9.949201345443725586e-01
9.927625656127929688e-01
9.915151000022888184e-01
9.929209947586059570e-01
9.927069544792175293e-01
9.945067167282104492e-01
9.914201498031616211e-01
9.926116466522216797e-01
9.944480061531066895e-01
9.913547039031982422e-01
9.925101995468139648e-01
9.935146570205688477e-01
9.941691160202026367e-01
9.941457509994506836e-01
9.941282868385314941e-01
9.893842935562133789e-01
9.913870096206665039e-01
9.926426410675048828e-01
9.934750199317932129e-01
9.933478832244873047e-01
9.899614453315734863e-01
9.901307225227355957e-01
9.916132092475891113e-01
9.918171763420104980e-01
9.918031096458435059e-01
9.897863864898681641e-01
9.887608289718627930e-01
9.903932213783264160e-01
9.900931119918823242e-01
9.897596836090087891e-01
9.926742315292358398e-01
9.926706552505493164e-01
9.884214997291564941e-01
9.914697408676147461e-01
9.936648607254028320e-01
9.882934689521789551e-01
9.881867170333862305e-01
9.901465177536010742e-01
9.934867620468139648e-01
9.902212023735046387e-01
9.933938980102539062e-01
9.915410876274108887e-01
9.908624291419982910e-01
9.874520897865295410e-01
9.909621477127075195e-01
9.928594827651977539e-01
9.927267432212829590e-01
9.908918738365173340e-01
9.905927181243896484e-01
9.916987419128417969e-01
9.928876757621765137e-01
9.867115020751953125e-01
9.885924458503723145e-01
9.882866144180297852e-01
9.882558584213256836e-01
9.896928668022155762e-01
9.896959662437438965e-01
9.916326999664306641e-01
9.914551973342895508e-01
9.896973371505737305e-01
9.882157444953918457e-01
9.914441108703613281e-01
9.911234378814697266e-01
9.910796880722045898e-01
9.893286228179931641e-01
9.893320798873901367e-01
9.904053211212158203e-01
9.867393374443054199e-01
9.913710355758666992e-01
9.907410740852355957e-01
9.908508658409118652e-01
9.899553060531616211e-01
9.907894730567932129e-01
9.880778789520263672e-01
9.890799522399902344e-01
9.887990355491638184e-01
9.900243878364562988e-01
9.911059141159057617e-01
9.890865683555603027e-01
9.878339171409606934e-01
9.867105484008789062e-01
9.916270971298217773e-01
9.892743229866027832e-01
9.892500638961791992e-01
9.878344535827636719e-01
9.893480539321899414e-01
9.913851022720336914e-01
9.904652237892150879e-01
9.867385625839233398e-01
9.889287948608398438e-01
9.902819395065307617e-01
9.890413880348205566e-01
9.867098927497863770e-01
9.867382049560546875e-01
9.890730381011962891e-01
9.903696775436401367e-01
9.867381453514099121e-01
9.902498722076416016e-01
9.905527830123901367e-01
9.904872775077819824e-01
9.903235435485839844e-01
9.900766015052795410e-01
9.899487495422363281e-01
9.903386235237121582e-01
9.892089962959289551e-01
9.897684454917907715e-01
9.900379180908203125e-01
9.896779060363769531e-01
9.890403747558593750e-01
9.873393774032592773e-01
9.867091178894042969e-01
9.900168776512145996e-01
9.889274835586547852e-01
9.889260530471801758e-01
9.867371916770935059e-01
9.867370724678039551e-01
9.867368936538696289e-01
9.867366552352905273e-01
9.877722859382629395e-01
9.889842271804809570e-01
9.874587655067443848e-01
9.887753129005432129e-01
9.874755144119262695e-01
9.867079257965087891e-01
9.884362220764160156e-01
9.883508086204528809e-01
9.878060817718505859e-01
9.881373047828674316e-01
9.876937270164489746e-01
9.876936078071594238e-01
9.867355227470397949e-01
9.867353439331054688e-01
9.867351055145263672e-01
9.867349267005920410e-01
9.867347478866577148e-01
9.867343306541442871e-01
9.987723231315612793e-01
9.987816214561462402e-01
9.988305568695068359e-01
9.988303184509277344e-01
9.988303184509277344e-01
9.987055063247680664e-01
9.987562298774719238e-01
9.986044764518737793e-01
9.986027479171752930e-01
9.988068342208862305e-01
9.983817934989929199e-01
9.984002709388732910e-01
9.988307952880859375e-01
9.984367489814758301e-01
9.987366199493408203e-01
9.984365105628967285e-01
9.987137317657470703e-01
9.983629584312438965e-01
9.987577199935913086e-01
9.982870817184448242e-01
9.985188841819763184e-01
9.986127614974975586e-01
9.982089996337890625e-01
9.987052083015441895e-01
9.983930587768554688e-01
9.985066056251525879e-01
9.986467361450195312e-01
9.983446598052978516e-01
9.984626770019531250e-01
9.985451698303222656e-01
9.981892704963684082e-01
9.984050393104553223e-01
9.988297224044799805e-01
9.982568025588989258e-01
9.984796643257141113e-01
9.982303977012634277e-01
9.984101057052612305e-01
9.987560510635375977e-01
9.981706142425537109e-01
9.983834624290466309e-01
9.988052845001220703e-01
9.979223012924194336e-01
9.987806081771850586e-01
9.982340335845947266e-01
9.978140592575073242e-01
9.987553954124450684e-01
9.980399608612060547e-01
9.988294243812561035e-01
9.986807703971862793e-01
9.980180263519287109e-01
9.977253675460815430e-01
9.987036585807800293e-01
9.981895089149475098e-01
9.977490305900573730e-01
9.982879757881164551e-01
9.980499744415283203e-01
9.977272152900695801e-01
9.987551569938659668e-01
9.985068440437316895e-01
9.979051351547241211e-01
9.976154565811157227e-01
9.984132647514343262e-01
9.986522793769836426e-01
9.979520440101623535e-01
9.975206851959228516e-01
9.982504248619079590e-01
9.985111355781555176e-01
9.978630542755126953e-01
9.977017641067504883e-01
9.988048672676086426e-01
9.982686042785644531e-01
9.979670047760009766e-01
9.974696636199951172e-01
9.986517429351806641e-01
9.983466267585754395e-01
9.985181689262390137e-01
9.977372288703918457e-01
9.973898530006408691e-01
9.980396032333374023e-01
9.981998801231384277e-01
9.979537725448608398e-01
9.976052045822143555e-01
9.987551569938659668e-01
9.982495307922363281e-01
9.985045790672302246e-01
9.976638555526733398e-01
9.984982609748840332e-01
9.982711672782897949e-01
9.984291195869445801e-01
9.977954626083374023e-01
9.972743391990661621e-01
9.987552165985107422e-01
9.981219172477722168e-01
9.978836774826049805e-01
9.972456097602844238e-01
9.986045956611633301e-01
9.981779456138610840e-01
9.984319210052490234e-01
9.977349042892456055e-01
9.984963536262512207e-01
9.988290071487426758e-01
9.980645775794982910e-01
9.977768659591674805e-01
9.971688985824584961e-01
9.985657930374145508e-01
9.978792071342468262e-01
9.981756210327148438e-01
9.976445436477661133e-01
9.974095821380615234e-01
9.986066818237304688e-01
9.978590011596679688e-01
9.979966878890991211e-01
9.977898597717285156e-01
9.971488118171691895e-01
9.985023736953735352e-01
9.987797737121582031e-01
9.980461001396179199e-01
9.982590675354003906e-01
9.974434375762939453e-01
9.983828663825988770e-01
9.986325502395629883e-01
9.978225827217102051e-01
9.979682564735412598e-01
9.976947307586669922e-01
9.971246719360351562e-01
9.983056783676147461e-01
9.985923171043395996e-01
9.980501532554626465e-01
9.979068040847778320e-01
9.974821805953979492e-01
9.970748424530029297e-01
9.982428550720214844e-01
9.987044334411621094e-01
9.980205297470092773e-01
9.980275630950927734e-01
9.973902702331542969e-01
9.972012042999267578e-01
9.981648921966552734e-01
9.985371828079223633e-01
9.988290667533874512e-01
9.981287121772766113e-01
9.975082278251647949e-01
9.971400499343872070e-01
9.982709884643554688e-01
9.985340237617492676e-01
9.988290071487426758e-01
9.979482889175415039e-01
9.973385334014892578e-01
9.971398711204528809e-01
9.981864094734191895e-01
9.986220002174377441e-01
9.979408979415893555e-01
9.975557327270507812e-01
9.968807697296142578e-01
9.972320795059204102e-01
9.983932971954345703e-01
9.987120628356933594e-01
9.976244568824768066e-01
9.975237846374511719e-01
9.967688322067260742e-01
9.967254996299743652e-01
9.985539317131042480e-01
9.987812042236328125e-01
9.978547096252441406e-01
9.972293972969055176e-01
9.969669580459594727e-01
9.983482956886291504e-01
9.986666440963745117e-01
9.988046288490295410e-01
9.973940849304199219e-01
9.968315362930297852e-01
9.971133470535278320e-01
9.984354376792907715e-01
9.986112117767333984e-01
9.975481033325195312e-01
9.973531961441040039e-01
9.968603253364562988e-01
9.970721006393432617e-01
9.984208345413208008e-01
9.986037611961364746e-01
9.987577199935913086e-01
9.978986382484436035e-01
9.972063302993774414e-01
9.968581199645996094e-01
9.979923963546752930e-01
9.984966516494750977e-01
9.987322092056274414e-01
9.978336095809936523e-01
9.973822832107543945e-01
9.967213273048400879e-01
9.965333938598632812e-01
9.984040260314941406e-01
9.987101554870605469e-01
9.975284337997436523e-01
9.972540140151977539e-01
9.966699481010437012e-01
9.968994855880737305e-01
9.982570409774780273e-01
9.985221624374389648e-01
9.986875057220458984e-01
9.977464675903320312e-01
9.971796274185180664e-01
9.965422153472900391e-01
9.964303374290466309e-01
9.982714056968688965e-01
9.986640810966491699e-01
9.974187612533569336e-01
9.978192448616027832e-01
9.969878792762756348e-01
9.967709183692932129e-01
9.963892698287963867e-01
9.980624914169311523e-01
9.984505772590637207e-01
9.976580142974853516e-01
9.974972009658813477e-01
9.972537755966186523e-01
9.965385198593139648e-01
9.964278340339660645e-01
9.978501796722412109e-01
9.982466697692871094e-01
9.986990094184875488e-01
9.972535371780395508e-01
9.976434707641601562e-01
9.970777630805969238e-01
9.967354536056518555e-01
9.963268041610717773e-01
9.979647397994995117e-01
9.982737302780151367e-01
9.987282752990722656e-01
9.973053336143493652e-01
9.976527690887451172e-01
9.969210624694824219e-01
9.966039657592773438e-01
9.962466955184936523e-01
9.977833628654479980e-01
9.983640909194946289e-01
9.985952973365783691e-01
9.973274469375610352e-01
9.976571798324584961e-01
9.968405961990356445e-01
9.967685341835021973e-01
9.962155222892761230e-01
9.977486133575439453e-01
9.983426332473754883e-01
9.985686540603637695e-01
9.971919059753417969e-01
9.976515769958496094e-01
9.968878030776977539e-01
9.965692758560180664e-01
9.962043762207031250e-01
9.978691935539245605e-01
9.981817007064819336e-01
9.985608458518981934e-01
9.988079071044921875e-01
9.974690675735473633e-01
9.971148967742919922e-01
9.964540004730224609e-01
9.967164397239685059e-01
9.978648424148559570e-01
9.980279207229614258e-01
9.982381463050842285e-01
9.986927509307861328e-01
9.974403381347656250e-01
9.974824190139770508e-01
9.969077706336975098e-01
9.964808821678161621e-01
9.966138601303100586e-01
9.961315393447875977e-01
9.979479312896728516e-01
9.982864856719970703e-01
9.986062049865722656e-01
9.987794160842895508e-01
9.974901676177978516e-01
9.970502853393554688e-01
9.962440133094787598e-01
9.966408610343933105e-01
9.960559606552124023e-01
9.979962706565856934e-01
9.981926679611206055e-01
9.985831379890441895e-01
9.973351955413818359e-01
9.973875284194946289e-01
9.968472719192504883e-01
9.964421391487121582e-01
9.966265559196472168e-01
9.976372122764587402e-01
9.980064034461975098e-01
9.982474446296691895e-01
9.985828399658203125e-01
9.970973134040832520e-01
9.975386261940002441e-01
9.966806173324584961e-01
9.964747428894042969e-01
9.960001707077026367e-01
9.978137612342834473e-01
9.981450438499450684e-01
9.983643293380737305e-01
9.987289309501647949e-01
9.969700574874877930e-01
9.973623752593994141e-01
9.962182641029357910e-01
9.959893226623535156e-01
9.978206753730773926e-01
9.981863498687744141e-01
9.983639121055603027e-01
9.987617731094360352e-01
9.969544410705566406e-01
9.966156482696533203e-01
9.964158535003662109e-01
9.959242343902587891e-01
9.982252717018127441e-01
9.982964396476745605e-01
9.986814260482788086e-01
9.970086812973022461e-01
9.972782135009765625e-01
9.961971044540405273e-01
9.962964653968811035e-01
9.975897073745727539e-01
9.980486631393432617e-01
9.983713626861572266e-01
9.971444606781005859e-01
9.971830844879150391e-01
9.962536096572875977e-01
9.963037967681884766e-01
9.975130558013916016e-01
9.980019330978393555e-01
9.984010457992553711e-01
9.973851442337036133e-01
9.972214698791503906e-01
9.960629940032958984e-01
9.964886903762817383e-01
9.975822567939758301e-01
9.981011152267456055e-01
9.982481598854064941e-01
9.986957907676696777e-01
9.971196651458740234e-01
9.971831440925598145e-01
9.964123368263244629e-01
9.973279237747192383e-01
9.980858564376831055e-01
9.982222914695739746e-01
9.987004995346069336e-01
9.970766305923461914e-01
9.964598417282104492e-01
9.963545799255371094e-01
9.957864880561828613e-01
9.980712532997131348e-01
9.980675578117370605e-01
9.985796213150024414e-01
9.968151450157165527e-01
9.971178174018859863e-01
9.961059689521789551e-01
9.958024024963378906e-01
9.973146319389343262e-01
9.980030059814453125e-01
9.983409047126770020e-01
9.986264705657958984e-01
9.969818592071533203e-01
9.964371919631958008e-01
9.962852001190185547e-01
9.956668019294738770e-01
9.974975585937500000e-01
9.979045391082763672e-01
9.983190298080444336e-01
9.987020492553710938e-01
9.972077608108520508e-01
9.969114065170288086e-01
9.961081743240356445e-01
9.963241219520568848e-01
9.957491159439086914e-01
9.972778558731079102e-01
9.979317188262939453e-01
9.979547858238220215e-01
9.984714984893798828e-01
9.986043572425842285e-01
9.967165589332580566e-01
9.971234202384948730e-01
9.960610866546630859e-01
9.962997436523437500e-01
9.957794547080993652e-01
9.974067807197570801e-01
9.977884292602539062e-01
9.980417490005493164e-01
9.983986020088195801e-01
9.985775351524353027e-01
9.969248771667480469e-01
9.969753623008728027e-01
9.964575767517089844e-01
9.962199330329895020e-01
9.957189559936523438e-01
9.971407055854797363e-01
9.979115128517150879e-01
9.980537891387939453e-01
9.980652332305908203e-01
9.986228942871093750e-01
9.987527728080749512e-01
9.968410730361938477e-01
9.969511032104492188e-01
9.960268735885620117e-01
9.961981177330017090e-01
9.957953095436096191e-01
9.972172975540161133e-01
9.976536631584167480e-01
9.980381727218627930e-01
9.980353116989135742e-01
9.983989000320434570e-01
9.987527728080749512e-01
9.968317151069641113e-01
9.969162940979003906e-01
9.964242577552795410e-01
9.961955547332763672e-01
9.957652091979980469e-01
9.972152709960937500e-01
9.975901842117309570e-01
9.976553320884704590e-01
9.980068206787109375e-01
9.985693693161010742e-01
9.987778067588806152e-01
9.967391490936279297e-01
9.964717030525207520e-01
9.958183765411376953e-01
9.960582256317138672e-01
9.956037998199462891e-01
9.972756505012512207e-01
9.977858066558837891e-01
9.979342222213745117e-01
9.983702898025512695e-01
9.985386133193969727e-01
9.968135952949523926e-01
9.968096017837524414e-01
9.963625669479370117e-01
9.960825443267822266e-01
9.956437349319458008e-01
9.971058368682861328e-01
9.975427389144897461e-01
9.975773692131042480e-01
9.979938864707946777e-01
9.985940456390380859e-01
9.969649910926818848e-01
9.965279102325439453e-01
9.961755275726318359e-01
9.960799813270568848e-01
9.956042766571044922e-01
9.971173405647277832e-01
9.973773956298828125e-01
9.975463151931762695e-01
9.979226589202880859e-01
9.984645843505859375e-01
9.969137907028198242e-01
9.966078996658325195e-01
9.963230490684509277e-01
9.958491921424865723e-01
9.953196644783020020e-01
9.953805208206176758e-01
9.974065423011779785e-01
9.977190494537353516e-01
9.979761242866516113e-01
9.984076023101806641e-01
9.987526535987854004e-01
9.966710805892944336e-01
9.962998032569885254e-01
9.957448244094848633e-01
9.960845112800598145e-01
9.955626726150512695e-01
9.952566623687744141e-01
9.973255395889282227e-01
9.975092411041259766e-01
9.979265928268432617e-01
9.984493851661682129e-01
9.988024234771728516e-01
9.965447783470153809e-01
9.962670803070068359e-01
9.957395195960998535e-01
9.959313869476318359e-01
9.955555200576782227e-01
9.970267415046691895e-01
9.974011182785034180e-01
9.978247880935668945e-01
9.982255101203918457e-01
9.985416531562805176e-01
9.968240261077880859e-01
9.965655207633972168e-01
9.962653517723083496e-01
9.956776499748229980e-01
9.957737922668457031e-01
9.955235719680786133e-01
9.970235824584960938e-01
9.972553253173828125e-01
9.973890781402587891e-01
9.983178377151489258e-01
9.985147118568420410e-01
9.988261461257934570e-01
9.965730905532836914e-01
9.965779781341552734e-01
9.957289695739746094e-01
9.957247376441955566e-01
9.955099821090698242e-01
9.951006174087524414e-01
9.971874952316284180e-01
9.973660707473754883e-01
9.977954626083374023e-01
9.984859228134155273e-01
9.987288713455200195e-01
9.967008829116821289e-01
9.966610670089721680e-01
9.960740804672241211e-01
9.959263801574707031e-01
9.950841665267944336e-01
9.952957034111022949e-01
9.968525767326354980e-01
9.975155591964721680e-01
9.975298643112182617e-01
9.982612133026123047e-01
9.985333085060119629e-01
9.987792968750000000e-01
9.964920282363891602e-01
9.961876869201660156e-01
9.955917000770568848e-01
9.958115816116333008e-01
9.953891038894653320e-01
9.952163100242614746e-01
9.971749782562255859e-01
9.974665641784667969e-01
9.974515438079833984e-01
9.981433153152465820e-01
9.984335303306579590e-01
9.987850785255432129e-01
9.964547157287597656e-01
9.962366819381713867e-01
9.955396056175231934e-01
9.956389665603637695e-01
9.954239726066589355e-01
9.969816207885742188e-01
9.972273707389831543e-01
9.976396560668945312e-01
9.977767467498779297e-01
9.981855154037475586e-01
9.985535740852355957e-01
9.966632127761840820e-01
9.961413145065307617e-01
9.956071376800537109e-01
9.958615303039550781e-01
9.953162074089050293e-01
9.949623346328735352e-01
9.970755577087402344e-01
9.972885847091674805e-01
9.976873993873596191e-01
9.981179237365722656e-01
9.984023571014404297e-01
9.987227320671081543e-01
9.962103962898254395e-01
9.959997534751892090e-01
9.959016442298889160e-01
9.956710338592529297e-01
9.951938390731811523e-01
9.969533085823059082e-01
9.972565174102783203e-01
9.976480007171630859e-01
9.980077147483825684e-01
9.983254075050354004e-01
9.986069798469543457e-01
9.963703751564025879e-01
9.961521625518798828e-01
9.953014254570007324e-01
9.955487251281738281e-01
9.951294660568237305e-01
9.966995120048522949e-01
9.972651004791259766e-01
9.976304769515991211e-01
9.979618191719055176e-01
9.981520175933837891e-01
9.984694719314575195e-01
9.965769648551940918e-01
9.961214661598205566e-01
9.953942894935607910e-01
9.957014918327331543e-01
9.951211214065551758e-01
9.966725111007690430e-01
9.971502423286437988e-01
9.974935054779052734e-01
9.979462027549743652e-01
9.981201291084289551e-01
9.984751343727111816e-01
9.963159561157226562e-01
9.952538609504699707e-01
9.957093000411987305e-01
9.952265024185180664e-01
9.966918230056762695e-01
9.971936941146850586e-01
9.972909688949584961e-01
9.978561997413635254e-01
9.980925321578979492e-01
9.985386729240417480e-01
9.962753057479858398e-01
9.953002333641052246e-01
9.957185387611389160e-01
9.950368404388427734e-01
9.968151450157165527e-01
9.971060156822204590e-01
9.972850084304809570e-01
9.978158473968505859e-01
9.980602264404296875e-01
9.965239167213439941e-01
9.962208271026611328e-01
9.952912926673889160e-01
9.955849647521972656e-01
9.949906468391418457e-01
9.968520402908325195e-01
9.971824884414672852e-01
9.974501132965087891e-01
9.978644251823425293e-01
9.980316162109375000e-01
9.965429902076721191e-01
9.960289001464843750e-01
9.957245588302612305e-01
9.955105185508728027e-01
9.946746826171875000e-01
9.970058798789978027e-01
9.973697662353515625e-01
9.974935054779052734e-01
9.978343844413757324e-01
9.983660578727722168e-01
9.962509870529174805e-01
9.959877729415893555e-01
9.957062005996704102e-01
9.954800009727478027e-01
9.946528673171997070e-01
9.967523217201232910e-01
9.971121549606323242e-01
9.975230097770690918e-01
9.977999329566955566e-01
9.983621835708618164e-01
9.963684082031250000e-01
9.959664940834045410e-01
9.951491355895996094e-01
9.954361915588378906e-01
9.946570992469787598e-01
9.967201948165893555e-01
9.967969655990600586e-01
9.974990487098693848e-01
9.978414773941040039e-01
9.983798265457153320e-01
9.961775541305541992e-01
9.950093030929565430e-01
9.956889152526855469e-01
9.953650236129760742e-01
9.946466088294982910e-01
9.966758489608764648e-01
9.967391490936279297e-01
9.974580407142639160e-01
9.977756738662719727e-01
9.982650279998779297e-01
9.963290095329284668e-01
9.960111379623413086e-01
9.952360391616821289e-01
9.955971240997314453e-01
9.949313402175903320e-01
9.945511221885681152e-01
9.969753026962280273e-01
9.969530105590820312e-01
9.976894855499267578e-01
9.979503154754638672e-01
9.962968826293945312e-01
9.958715438842773438e-01
9.949206709861755371e-01
9.950066804885864258e-01
9.953020215034484863e-01
9.948580861091613770e-01
9.944919347763061523e-01
9.967000484466552734e-01
9.970372915267944336e-01
9.977303743362426758e-01
9.982979893684387207e-01
9.960519671440124512e-01
9.961565732955932617e-01
9.956539273262023926e-01
9.953809976577758789e-01
9.953204989433288574e-01
9.948680400848388672e-01
9.968928098678588867e-01
9.970086812973022461e-01
9.974072575569152832e-01
9.979518055915832520e-01
9.962470531463623047e-01
9.961813688278198242e-01
9.949026703834533691e-01
9.950174093246459961e-01
9.953181743621826172e-01
9.947220087051391602e-01
9.968112111091613770e-01
9.969356060028076172e-01
9.973863959312438965e-01
9.978458881378173828e-01
9.962219595909118652e-01
9.958809018135070801e-01
9.957314729690551758e-01
9.950320124626159668e-01
9.952665567398071289e-01
9.946926832199096680e-01
9.968350529670715332e-01
9.969041347503662109e-01
9.977012276649475098e-01
9.978921413421630859e-01
9.962627291679382324e-01
9.959881901741027832e-01
9.957776069641113281e-01
9.948862791061401367e-01
9.953555464744567871e-01
9.947466850280761719e-01
9.943491816520690918e-01
9.965800642967224121e-01
9.973850250244140625e-01
9.977827072143554688e-01
9.981125593185424805e-01
9.961211681365966797e-01
9.960085153579711914e-01
9.947848320007324219e-01
9.954828023910522461e-01
9.947108626365661621e-01
9.943454265594482422e-01
9.968854188919067383e-01
9.973512291908264160e-01
9.977422356605529785e-01
9.980369210243225098e-01
9.961071610450744629e-01
9.960141181945800781e-01
9.947530031204223633e-01
9.952541589736938477e-01
9.947163462638854980e-01
9.944424629211425781e-01
9.966725111007690430e-01
9.968309402465820312e-01
9.975005388259887695e-01
9.978783130645751953e-01
9.961171150207519531e-01
9.957928061485290527e-01
9.947067499160766602e-01
9.949092864990234375e-01
9.946821928024291992e-01
9.943773746490478516e-01
9.967020153999328613e-01
9.968962073326110840e-01
9.975803494453430176e-01
9.978243112564086914e-01
9.961020946502685547e-01
9.959123730659484863e-01
9.956201910972595215e-01
9.954909682273864746e-01
9.944519996643066406e-01
9.943457841873168945e-01
9.966700673103332520e-01
9.966704845428466797e-01
9.972141981124877930e-01
9.975444674491882324e-01
9.979161620140075684e-01
9.959595799446105957e-01
9.956229329109191895e-01
9.947144389152526855e-01
9.952760338783264160e-01
9.942826032638549805e-01
9.942215681076049805e-01
9.964742660522460938e-01
9.969429969787597656e-01
9.971760511398315430e-01
9.975380897521972656e-01
9.961043596267700195e-01
9.958204627037048340e-01
9.955648779869079590e-01
9.947540760040283203e-01
9.952594041824340820e-01
9.943385720252990723e-01
9.941879510879516602e-01
9.965415596961975098e-01
9.969784021377563477e-01
9.970214962959289551e-01
9.974863529205322266e-01
9.978951811790466309e-01
9.959354400634765625e-01
9.958506822586059570e-01
9.945904016494750977e-01
9.952911138534545898e-01
9.945406317710876465e-01
9.941664934158325195e-01
9.962171316146850586e-01
9.967047572135925293e-01
9.967721700668334961e-01
9.973237514495849609e-01
9.976391792297363281e-01
9.959455728530883789e-01
9.957811832427978516e-01
9.953821897506713867e-01
9.946860074996948242e-01
9.951995015144348145e-01
9.943100214004516602e-01
9.939207434654235840e-01
9.965404272079467773e-01
9.966121315956115723e-01
9.970651865005493164e-01
9.973653554916381836e-01
9.977223277091979980e-01
9.959003329277038574e-01
9.958052039146423340e-01
9.946925044059753418e-01
9.952645897865295410e-01
9.949374198913574219e-01
9.942506551742553711e-01
9.962452650070190430e-01
9.963603615760803223e-01
9.968694448471069336e-01
9.971189498901367188e-01
9.974935650825500488e-01
9.958921074867248535e-01
9.956393241882324219e-01
9.953743815422058105e-01
9.952483773231506348e-01
9.950568079948425293e-01
9.944242835044860840e-01
9.961759448051452637e-01
9.964530467987060547e-01
9.966248273849487305e-01
9.971338510513305664e-01
9.974284768104553223e-01
9.959803223609924316e-01
9.956881403923034668e-01
9.954046607017517090e-01
9.945345520973205566e-01
9.950826168060302734e-01
9.943208098411560059e-01
9.938656091690063477e-01
9.960151910781860352e-01
9.963327050209045410e-01
9.967480897903442383e-01
9.971342682838439941e-01
9.975670576095581055e-01
9.958390593528747559e-01
9.957023859024047852e-01
9.946712255477905273e-01
9.948267340660095215e-01
9.948245286941528320e-01
9.941955804824829102e-01
9.959338903427124023e-01
9.963893294334411621e-01
9.965795874595642090e-01
9.969334006309509277e-01
9.972938895225524902e-01
9.959120154380798340e-01
9.955425858497619629e-01
9.952138066291809082e-01
9.951239228248596191e-01
9.949924945831298828e-01
9.942466020584106445e-01
9.937904477119445801e-01
9.960460662841796875e-01
9.963623285293579102e-01
9.966375827789306641e-01
9.970400333404541016e-01
9.973650574684143066e-01
9.957714676856994629e-01
9.956144094467163086e-01
9.945256710052490234e-01
9.951413869857788086e-01
9.949949979782104492e-01
9.942820668220520020e-01
9.942737817764282227e-01
9.961798191070556641e-01
9.965630769729614258e-01
9.965742826461791992e-01
9.970280528068542480e-01
9.973871707916259766e-01
9.957658052444458008e-01
9.953607916831970215e-01
9.945755004882812500e-01
9.950366020202636719e-01
9.948242306709289551e-01
9.942575097084045410e-01
9.935787916183471680e-01
9.961252212524414062e-01
9.964511394500732422e-01
9.966428279876708984e-01
9.970260858535766602e-01
9.974542856216430664e-01
9.955154061317443848e-01
9.952716827392578125e-01
9.944304227828979492e-01
9.946907758712768555e-01
9.947062134742736816e-01
9.936853051185607910e-01
9.958699941635131836e-01
9.962462186813354492e-01
9.963200092315673828e-01
9.967995882034301758e-01
9.972134828567504883e-01
9.956845641136169434e-01
9.953066110610961914e-01
9.942743778228759766e-01
9.950435161590576172e-01
9.948431253433227539e-01
9.941601753234863281e-01
9.941398501396179199e-01
9.959570169448852539e-01
9.962226748466491699e-01
9.967058300971984863e-01
9.969578385353088379e-01
9.952647686004638672e-01
9.952678680419921875e-01
9.952033162117004395e-01
9.943095445632934570e-01
9.948246479034423828e-01
9.941269159317016602e-01
9.941536784172058105e-01
9.960082769393920898e-01
9.962323904037475586e-01
9.963504076004028320e-01
9.969660043716430664e-01
9.957305192947387695e-01
9.953986406326293945e-01
9.942182302474975586e-01
9.943377971649169922e-01
9.946110248565673828e-01
9.939927458763122559e-01
9.940773248672485352e-01
9.958927035331726074e-01
9.961417913436889648e-01
9.966235160827636719e-01
9.969038367271423340e-01
9.957119226455688477e-01
9.952314496040344238e-01
9.949433803558349609e-01
9.942752122879028320e-01
9.940872788429260254e-01
9.937492012977600098e-01
9.933959245681762695e-01
9.959023594856262207e-01
9.961009025573730469e-01
9.964768886566162109e-01
9.971615672111511230e-01
9.955622553825378418e-01
9.952279925346374512e-01
9.945172071456909180e-01
9.945989847183227539e-01
9.939382672309875488e-01
9.940984845161437988e-01
9.957607984542846680e-01
9.960560798645019531e-01
9.965115785598754883e-01
9.970529675483703613e-01
9.955928325653076172e-01
9.953619837760925293e-01
9.942875504493713379e-01
9.945729970932006836e-01
9.939350485801696777e-01
9.936190843582153320e-01
9.956682324409484863e-01
9.960290789604187012e-01
9.964898824691772461e-01
9.970293641090393066e-01
9.955603480339050293e-01
9.951637983322143555e-01
9.942770004272460938e-01
9.945573806762695312e-01
9.938461780548095703e-01
9.939667582511901855e-01
9.957505464553833008e-01
9.960459470748901367e-01
9.964183568954467773e-01
9.971160888671875000e-01
9.954679012298583984e-01
9.952414631843566895e-01
9.944387078285217285e-01
9.939257502555847168e-01
9.936479330062866211e-01
9.933500289916992188e-01
9.958202838897705078e-01
9.962708353996276855e-01
9.967930316925048828e-01
9.955773353576660156e-01
9.953173995018005371e-01
9.948433637619018555e-01
9.942263364791870117e-01
9.939136505126953125e-01
9.935214519500732422e-01
9.931411147117614746e-01
9.958794116973876953e-01
9.962577223777770996e-01
9.968699216842651367e-01
9.954852461814880371e-01
9.950846433639526367e-01
9.948385953903198242e-01
9.945205450057983398e-01
9.937976598739624023e-01
9.938668012619018555e-01
9.955822825431823730e-01
9.959161281585693359e-01
9.963976740837097168e-01
9.969819784164428711e-01
9.952868819236755371e-01
9.949081540107727051e-01
9.942137002944946289e-01
9.938526153564453125e-01
9.933797121047973633e-01
9.932748079299926758e-01
9.957690238952636719e-01
9.961746931076049805e-01
9.966690540313720703e-01
9.949291348457336426e-01
9.950362443923950195e-01
9.941550493240356445e-01
9.945493340492248535e-01
9.937200546264648438e-01
9.938616752624511719e-01
9.956830739974975586e-01
9.959348440170288086e-01
9.963157773017883301e-01
9.967362880706787109e-01
9.952220916748046875e-01
9.948386549949645996e-01
9.942421317100524902e-01
9.944584965705871582e-01
9.933280348777770996e-01
9.932271242141723633e-01
9.957209825515747070e-01
9.961504936218261719e-01
9.964850544929504395e-01
9.968057870864868164e-01
9.951611161231994629e-01
9.946849346160888672e-01
9.946263432502746582e-01
9.945487976074218750e-01
9.935756921768188477e-01
9.937801957130432129e-01
9.955288767814636230e-01
9.959076642990112305e-01
9.963953495025634766e-01
9.965846538543701172e-01
9.951863288879394531e-01
9.947500824928283691e-01
9.941953420639038086e-01
9.945611357688903809e-01
9.936171770095825195e-01
9.938181638717651367e-01
9.929932355880737305e-01
9.957495927810668945e-01
9.961141943931579590e-01
9.964839220046997070e-01
9.954323172569274902e-01
9.949113130569458008e-01
9.938145875930786133e-01
9.939321279525756836e-01
9.944992661476135254e-01
9.934750199317932129e-01
9.936701655387878418e-01
9.930126667022705078e-01
9.957211017608642578e-01
9.960168004035949707e-01
9.961928725242614746e-01
9.966543316841125488e-01
9.951240420341491699e-01
9.947147369384765625e-01
9.940060377120971680e-01
9.945439100265502930e-01
9.942715764045715332e-01
9.932146668434143066e-01
9.936593174934387207e-01
9.931468367576599121e-01
9.956912398338317871e-01
9.959522485733032227e-01
9.963025450706481934e-01
9.965239763259887695e-01
9.947680234909057617e-01
9.949548840522766113e-01
9.937509894371032715e-01
9.938548207283020020e-01
9.944642186164855957e-01
9.935613870620727539e-01
9.933539032936096191e-01
9.931076169013977051e-01
9.955735802650451660e-01
9.957943558692932129e-01
9.960750937461853027e-01
9.963901042938232422e-01
9.947503209114074707e-01
9.949898719787597656e-01
9.937652349472045898e-01
9.938697814941406250e-01
9.942446947097778320e-01
9.931796789169311523e-01
9.935867190361022949e-01
9.929551482200622559e-01
9.956454038619995117e-01
9.959489107131958008e-01
9.962562322616577148e-01
9.952644109725952148e-01
9.951751232147216797e-01
9.937092065811157227e-01
9.937757253646850586e-01
9.942104816436767578e-01
9.931762218475341797e-01
9.935488104820251465e-01
9.930632114410400391e-01
9.955177307128906250e-01
9.958209991455078125e-01
9.961966276168823242e-01
9.951678514480590820e-01
9.951546788215637207e-01
9.936952590942382812e-01
9.937737584114074707e-01
9.944177865982055664e-01
9.931235313415527344e-01
9.928351640701293945e-01
9.928848743438720703e-01
9.957244992256164551e-01
9.959576129913330078e-01
9.962326288223266602e-01
9.946742653846740723e-01
9.951301813125610352e-01
9.936628341674804688e-01
9.937762022018432617e-01
9.943904876708984375e-01
9.931071400642395020e-01
9.928156733512878418e-01
9.928748011589050293e-01
9.956635832786560059e-01
9.959923624992370605e-01
9.962673187255859375e-01
9.950567483901977539e-01
9.947059750556945801e-01
9.938976764678955078e-01
9.943515062332153320e-01
9.934197664260864258e-01
9.932491779327392578e-01
9.925525784492492676e-01
9.929805994033813477e-01
9.956431984901428223e-01
9.959697127342224121e-01
9.963247179985046387e-01
9.949611425399780273e-01
9.947378635406494141e-01
9.939900636672973633e-01
9.940913319587707520e-01
9.933077096939086914e-01
9.934164881706237793e-01
9.925727844238281250e-01
9.923893213272094727e-01
9.956443309783935547e-01
9.959229230880737305e-01
9.962656497955322266e-01
9.949456453323364258e-01
9.947165250778198242e-01
9.938815832138061523e-01
9.941909313201904297e-01
9.929915666580200195e-01
9.934035539627075195e-01
9.929198622703552246e-01
9.954316616058349609e-01
9.956666827201843262e-01
9.959241747856140137e-01
9.950523376464843750e-01
9.950072169303894043e-01
9.938122034072875977e-01
9.942541122436523438e-01
9.933298230171203613e-01
9.933153390884399414e-01
9.926143288612365723e-01
9.923074245452880859e-01
9.954676628112792969e-01
9.958453774452209473e-01
9.961666464805603027e-01
9.949380159378051758e-01
9.947567582130432129e-01
9.938380718231201172e-01
9.940242767333984375e-01
9.931055903434753418e-01
9.934051632881164551e-01
9.928016066551208496e-01
9.953094720840454102e-01
9.955278038978576660e-01
9.957873821258544922e-01
9.961861371994018555e-01
9.949005842208862305e-01
9.947452545166015625e-01
9.935178756713867188e-01
9.940116405487060547e-01
9.929807186126708984e-01
9.933778047561645508e-01
9.927239418029785156e-01
9.952504634857177734e-01
9.956483840942382812e-01
9.958351254463195801e-01
9.962447881698608398e-01
9.948505163192749023e-01
9.934363365173339844e-01
9.935526251792907715e-01
9.940713047981262207e-01
9.930077195167541504e-01
9.923481941223144531e-01
9.926504492759704590e-01
9.952971339225769043e-01
9.954472184181213379e-01
9.958055019378662109e-01
9.961471557617187500e-01
9.945472478866577148e-01
9.946671724319458008e-01
9.935945868492126465e-01
9.939500689506530762e-01
9.931564331054687500e-01
9.932785034179687500e-01
9.923688769340515137e-01
9.922049045562744141e-01
9.953359961509704590e-01
9.957549571990966797e-01
9.960508346557617188e-01
9.950160980224609375e-01
9.948168992996215820e-01
9.936503171920776367e-01
9.938887953758239746e-01
9.941837787628173828e-01
9.933031797409057617e-01
9.925411939620971680e-01
9.927704930305480957e-01
9.951020479202270508e-01
9.953914880752563477e-01
9.959000945091247559e-01
9.950457215309143066e-01
9.947336912155151367e-01
9.946060776710510254e-01
9.937642812728881836e-01
9.938760995864868164e-01
9.931427240371704102e-01
9.932041168212890625e-01
9.924972057342529297e-01
9.928004741668701172e-01
9.951620101928710938e-01
9.952486157417297363e-01
9.957196712493896484e-01
9.948418140411376953e-01
9.947490096092224121e-01
9.946366548538208008e-01
9.935994744300842285e-01
9.937601685523986816e-01
9.941150546073913574e-01
9.933024048805236816e-01
9.922646284103393555e-01
9.926297664642333984e-01
9.921228885650634766e-01
9.950140118598937988e-01
9.953564405441284180e-01
9.959551692008972168e-01
9.944061040878295898e-01
9.947223067283630371e-01
9.933390021324157715e-01
9.933872222900390625e-01
9.940506219863891602e-01
9.932802319526672363e-01
9.922037124633789062e-01
9.926199913024902344e-01
9.918772578239440918e-01
9.950146675109863281e-01
9.952977895736694336e-01
9.958981275558471680e-01
9.944022893905639648e-01
9.945194125175476074e-01
9.936490058898925781e-01
9.938676357269287109e-01
9.930249452590942383e-01
9.931723475456237793e-01
9.922988414764404297e-01
9.917955994606018066e-01
9.950136542320251465e-01
9.952150583267211914e-01
9.958595037460327148e-01
9.946479201316833496e-01
9.944288730621337891e-01
9.934038519859313965e-01
9.939677715301513672e-01
9.931899905204772949e-01
9.921429157257080078e-01
9.925785660743713379e-01
9.918546676635742188e-01
9.951018095016479492e-01
9.956091642379760742e-01
9.947466850280761719e-01
9.946993589401245117e-01
9.935435652732849121e-01
9.938576221466064453e-01
9.940237998962402344e-01
9.931181669235229492e-01
9.923464059829711914e-01
9.919155240058898926e-01
9.949258565902709961e-01
9.952101111412048340e-01
9.958399534225463867e-01
9.946016073226928711e-01
9.943130016326904297e-01
9.935560226440429688e-01
9.940066337585449219e-01
9.930954575538635254e-01
9.922901988029479980e-01
9.919102191925048828e-01
9.948626756668090820e-01
9.952843785285949707e-01
9.958398342132568359e-01
9.945731759071350098e-01
9.935095310211181641e-01
9.937734007835388184e-01
9.929250478744506836e-01
9.927866458892822266e-01
9.926428794860839844e-01
9.916124343872070312e-01
9.950602650642395020e-01
9.952639341354370117e-01
9.947369098663330078e-01
9.945493340492248535e-01
9.934609532356262207e-01
9.937570095062255859e-01
9.928671121597290039e-01
9.926763772964477539e-01
9.919424653053283691e-01
9.916298389434814453e-01
9.950432777404785156e-01
9.952332377433776855e-01
9.946913123130798340e-01
9.945566058158874512e-01
9.934373497962951660e-01
9.936922788619995117e-01
9.930558800697326660e-01
9.926325082778930664e-01
9.917247891426086426e-01
9.916071891784667969e-01
9.950150251388549805e-01
9.952558875083923340e-01
9.957010149955749512e-01
9.945026636123657227e-01
9.939408302307128906e-01
9.934684634208679199e-01
9.936668872833251953e-01
9.927325248718261719e-01
9.922354817390441895e-01
9.919348359107971191e-01
9.948208332061767578e-01
9.950894713401794434e-01
9.954681992530822754e-01
9.944412112236022949e-01
9.941858053207397461e-01
9.932695627212524414e-01
9.937887191772460938e-01
9.928867816925048828e-01
9.922968149185180664e-01
9.918217062950134277e-01
9.914311766624450684e-01
9.948608875274658203e-01
9.951841235160827637e-01
9.954897761344909668e-01
9.944260716438293457e-01
9.941586256027221680e-01
9.932324290275573730e-01
9.937490224838256836e-01
9.930143952369689941e-01
9.925457239151000977e-01
9.913709759712219238e-01
9.919285774230957031e-01
9.947443008422851562e-01
9.950209856033325195e-01
9.953384995460510254e-01
9.940795898437500000e-01
9.941077232360839844e-01
9.938638806343078613e-01
9.935472607612609863e-01
9.927745461463928223e-01
9.926393032073974609e-01
9.922546148300170898e-01
9.918202161788940430e-01
9.914959669113159180e-01
9.948854446411132812e-01
9.952358007431030273e-01
9.955755472183227539e-01
9.944272041320800781e-01
9.941374063491821289e-01
9.933105707168579102e-01
9.933829307556152344e-01
9.927473068237304688e-01
9.926083087921142578e-01
9.922717809677124023e-01
9.915335774421691895e-01
9.914090633392333984e-01
9.947459101676940918e-01
9.951037168502807617e-01
9.954307079315185547e-01
9.943280220031738281e-01
9.940267801284790039e-01
9.938818216323852539e-01
9.931477904319763184e-01
9.935058951377868652e-01
9.929203391075134277e-01
9.920530319213867188e-01
9.924265146255493164e-01
9.916363358497619629e-01
9.946318268775939941e-01
9.948648810386657715e-01
9.952589273452758789e-01
9.943935871124267578e-01
9.941540956497192383e-01
9.937629699707031250e-01
9.930627346038818359e-01
9.933384656906127930e-01
9.927377104759216309e-01
9.925218820571899414e-01
9.919009208679199219e-01
9.911511540412902832e-01
9.914132952690124512e-01
9.947944283485412598e-01
9.951550960540771484e-01
9.944052696228027344e-01
9.942703247070312500e-01
9.940972924232482910e-01
9.929141998291015625e-01
9.931488037109375000e-01
9.935531616210937500e-01
9.927794933319091797e-01
9.921982288360595703e-01
9.923529624938964844e-01
9.918297529220581055e-01
9.946126937866210938e-01
9.948999881744384766e-01
9.953050017356872559e-01
9.938629865646362305e-01
9.940776228904724121e-01
9.938190579414367676e-01
9.930068254470825195e-01
9.934287667274475098e-01
9.926471114158630371e-01
9.924241304397583008e-01
9.922131299972534180e-01
9.912115335464477539e-01
9.945187568664550781e-01
9.947422742843627930e-01
9.951616525650024414e-01
9.943004846572875977e-01
9.941621422767639160e-01
9.936159849166870117e-01
9.929636716842651367e-01
9.931744337081909180e-01
9.934530854225158691e-01
9.927014112472534180e-01
9.919221997261047363e-01
9.909326434135437012e-01
9.913960099220275879e-01
9.946696162223815918e-01
9.950094223022460938e-01
9.942997097969055176e-01
9.940968751907348633e-01
9.937530755996704102e-01
9.931340813636779785e-01
9.932298660278320312e-01
9.925997853279113770e-01
9.923835992813110352e-01
9.922460317611694336e-01
9.911313056945800781e-01
9.945315718650817871e-01
9.948104023933410645e-01
9.951826930046081543e-01
9.941877722740173340e-01
9.939534068107604980e-01
9.928749799728393555e-01
9.931486845016479492e-01
9.934567809104919434e-01
9.925880432128906250e-01
9.918959736824035645e-01
9.908336997032165527e-01
9.913750290870666504e-01
9.946389198303222656e-01
9.950038194656372070e-01
9.937748312950134277e-01
9.939470887184143066e-01
9.934841394424438477e-01
9.930154681205749512e-01
9.934273958206176758e-01
9.926787614822387695e-01
9.918665885925292969e-01
9.907940626144409180e-01
9.911963939666748047e-01
9.946833252906799316e-01
9.950034022331237793e-01
9.940807819366455078e-01
9.939143061637878418e-01
9.934672117233276367e-01
9.929656982421875000e-01
9.934175014495849609e-01
9.926541447639465332e-01
9.918372631072998047e-01
9.922534227371215820e-01
9.911368489265441895e-01
9.944912791252136230e-01
9.948039650917053223e-01
9.936127662658691406e-01
9.939609766006469727e-01
9.935193657875061035e-01
9.928389787673950195e-01
9.930787086486816406e-01
9.923790693283081055e-01
9.923226833343505859e-01
9.917562007904052734e-01
9.907740950584411621e-01
9.915960431098937988e-01
9.945345520973205566e-01
9.947879314422607422e-01
9.935869574546813965e-01
9.941238164901733398e-01
9.935343861579895020e-01
9.927940964698791504e-01
9.930950403213500977e-01
9.924718141555786133e-01
9.918899536132812500e-01
9.920940995216369629e-01
9.909126162528991699e-01
9.915848374366760254e-01
9.945208430290222168e-01
9.948605298995971680e-01
9.935650229454040527e-01
9.940723776817321777e-01
9.933789968490600586e-01
9.929074048995971680e-01
9.930974245071411133e-01
9.925466775894165039e-01
9.919197559356689453e-01
9.919860363006591797e-01
9.908531904220581055e-01
9.915463328361511230e-01
9.944784045219421387e-01
9.948039054870605469e-01
9.935429096221923828e-01
9.940432310104370117e-01
9.934158325195312500e-01
9.928779006004333496e-01
9.931988120079040527e-01
9.925286769866943359e-01
9.919514656066894531e-01
9.904769659042358398e-01
9.910039305686950684e-01
9.915011525154113770e-01
9.944571256637573242e-01
9.947361350059509277e-01
9.935385584831237793e-01
9.940326213836669922e-01
9.933947324752807617e-01
9.928287267684936523e-01
9.932679533958435059e-01
9.924259781837463379e-01
9.916739463806152344e-01
9.904769062995910645e-01
9.910020828247070312e-01
9.914880394935607910e-01
9.943600296974182129e-01
9.946996569633483887e-01
9.934411644935607910e-01
9.939680695533752441e-01
9.933700561523437500e-01
9.928950071334838867e-01
9.932585358619689941e-01
9.924921989440917969e-01
9.916535019874572754e-01
9.904568791389465332e-01
9.909909963607788086e-01
9.914542436599731445e-01
9.943548440933227539e-01
9.946525692939758301e-01
9.940795898437500000e-01
9.937466382980346680e-01
9.933906197547912598e-01
9.928982257843017578e-01
9.932116270065307617e-01
9.923239946365356445e-01
9.918676018714904785e-01
9.903373718261718750e-01
9.907733798027038574e-01
9.913540482521057129e-01
9.942528009414672852e-01
9.944571852684020996e-01
9.947999715805053711e-01
9.934771060943603516e-01
9.936460256576538086e-01
9.933365583419799805e-01
9.929682612419128418e-01
9.922719001770019531e-01
9.921382069587707520e-01
9.918335080146789551e-01
9.904565811157226562e-01
9.908427000045776367e-01
9.913930892944335938e-01
9.942118525505065918e-01
9.944306612014770508e-01
9.947597980499267578e-01
9.934073686599731445e-01
9.938791990280151367e-01
9.932264685630798340e-01
9.928458929061889648e-01
9.931572675704956055e-01
9.923693537712097168e-01
9.917498826980590820e-01
9.903371334075927734e-01
9.907747507095336914e-01
9.912694096565246582e-01
9.901767373085021973e-01
9.943867325782775879e-01
9.946778416633605957e-01
9.940025210380554199e-01
9.936677217483520508e-01
9.935294389724731445e-01
9.927322268486022949e-01
9.930688738822937012e-01
9.923555850982666016e-01
9.917529821395874023e-01
9.903765916824340820e-01
9.908921718597412109e-01
9.913657903671264648e-01
9.941825866699218750e-01
9.945385456085205078e-01
9.938745498657226562e-01
9.936604499816894531e-01
9.935380816459655762e-01
9.932481050491333008e-01
9.928963780403137207e-01
9.923211932182312012e-01
9.917610883712768555e-01
9.904547929763793945e-01
9.908680319786071777e-01
9.913393259048461914e-01
9.941132068634033203e-01
9.945411682128906250e-01
9.939153194427490234e-01
9.935994744300842285e-01
9.934973716735839844e-01
9.924064874649047852e-01
9.930975437164306641e-01
9.923584461212158203e-01
9.917892813682556152e-01
9.905458688735961914e-01
9.913988709449768066e-01
9.900553822517395020e-01
9.942855238914489746e-01
9.940514564514160156e-01
9.936826825141906738e-01
9.933456182479858398e-01
9.926769137382507324e-01
9.930471777915954590e-01
9.919328689575195312e-01
9.902174472808837891e-01
9.905567169189453125e-01
9.912239313125610352e-01
9.900350570678710938e-01
9.942087531089782715e-01
9.939096570014953613e-01
9.935092329978942871e-01
9.931857585906982422e-01
9.926965236663818359e-01
9.922777414321899414e-01
9.918572902679443359e-01
9.901605844497680664e-01
9.908924102783203125e-01
9.910293817520141602e-01
9.941339492797851562e-01
9.939860105514526367e-01
9.935330748558044434e-01
9.931570291519165039e-01
9.927356839179992676e-01
9.922113418579101562e-01
9.918173551559448242e-01
9.901676177978515625e-01
9.909266233444213867e-01
9.910202026367187500e-01
9.939841032028198242e-01
9.945625066757202148e-01
9.931803345680236816e-01
9.931302666664123535e-01
9.925719499588012695e-01
9.921051263809204102e-01
9.917981624603271484e-01
9.900531768798828125e-01
9.907708764076232910e-01
9.910558462142944336e-01
9.939823150634765625e-01
9.936928749084472656e-01
9.931315183639526367e-01
9.931070804595947266e-01
9.924278259277343750e-01
9.926272630691528320e-01
9.921663999557495117e-01
9.902656078338623047e-01
9.904800653457641602e-01
9.912418723106384277e-01
9.898077249526977539e-01
9.940809011459350586e-01
9.937144517898559570e-01
9.933447837829589844e-01
9.922632575035095215e-01
9.924547076225280762e-01
9.921054840087890625e-01
9.915851354598999023e-01
9.900469779968261719e-01
9.908663034439086914e-01
9.910843372344970703e-01
9.895809888839721680e-01
9.941177368164062500e-01
9.931802749633789062e-01
9.932643771171569824e-01
9.923341274261474609e-01
9.925642609596252441e-01
9.921489953994750977e-01
9.916303157806396484e-01
9.901133775711059570e-01
9.908689856529235840e-01
9.909312725067138672e-01
9.939295053482055664e-01
9.943654537200927734e-01
9.930414557456970215e-01
9.932163357734680176e-01
9.923259615898132324e-01
9.925483465194702148e-01
9.920145273208618164e-01
9.916309714317321777e-01
9.899348020553588867e-01
9.907146692276000977e-01
9.910486936569213867e-01
9.898804426193237305e-01
9.939714670181274414e-01
9.936680197715759277e-01
9.932902455329895020e-01
9.922721982002258301e-01
9.923999905586242676e-01
9.928336143493652344e-01
9.917299747467041016e-01
9.916219115257263184e-01
9.900808334350585938e-01
9.908156394958496094e-01
9.909355044364929199e-01
9.898458719253540039e-01
9.939620494842529297e-01
9.936359524726867676e-01
9.932521581649780273e-01
9.929141998291015625e-01
9.924082159996032715e-01
9.927651882171630859e-01
9.920182228088378906e-01
9.913051724433898926e-01
9.915847778320312500e-01
9.899901151657104492e-01
9.905589818954467773e-01
9.908745288848876953e-01
9.898176193237304688e-01
9.939559698104858398e-01
9.935688972473144531e-01
9.929763078689575195e-01
9.931209087371826172e-01
9.920228719711303711e-01
9.923761487007141113e-01
9.926702976226806641e-01
9.916504025459289551e-01
9.914025068283081055e-01
9.902253150939941406e-01
9.904307126998901367e-01
9.907845258712768555e-01
9.896187782287597656e-01
9.937595129013061523e-01
9.940609335899353027e-01
9.935882091522216797e-01
9.933248758316040039e-01
9.928041696548461914e-01
9.922118782997131348e-01
9.924685359001159668e-01
9.917854070663452148e-01
9.917632937431335449e-01
9.914006590843200684e-01
9.902113676071166992e-01
9.903739690780639648e-01
9.910061359405517578e-01
9.897961020469665527e-01
9.936956167221069336e-01
9.940494298934936523e-01
9.935398697853088379e-01
9.932974576950073242e-01
9.930806756019592285e-01
9.920387268066406250e-01
9.924054145812988281e-01
9.926091432571411133e-01
9.916214942932128906e-01
9.915317296981811523e-01
9.899159669876098633e-01
9.907110333442687988e-01
9.908639192581176758e-01
9.894917607307434082e-01
9.938852190971374512e-01
9.934530258178710938e-01
9.929768443107604980e-01
9.931647777557373047e-01
9.927667379379272461e-01
9.922427535057067871e-01
9.926419258117675781e-01
9.918791651725769043e-01
9.913380146026611328e-01
9.898796677589416504e-01
9.906754493713378906e-01
9.909148216247558594e-01
9.895532131195068359e-01
9.936627149581909180e-01
9.940136075019836426e-01
9.933726191520690918e-01
9.931457042694091797e-01
9.927608966827392578e-01
9.924953579902648926e-01
9.926459789276123047e-01
9.913043975830078125e-01
9.914565086364746094e-01
9.903113842010498047e-01
9.910223484039306641e-01
9.897364974021911621e-01
9.889907240867614746e-01
9.938260912895202637e-01
9.934520721435546875e-01
9.932985305786132812e-01
9.927198886871337891e-01
9.924284815788269043e-01
9.926151037216186523e-01
9.912421703338623047e-01
9.914288520812988281e-01
9.903579354286193848e-01
9.906951189041137695e-01
9.896853566169738770e-01
9.890112876892089844e-01
9.938622713088989258e-01
9.933067560195922852e-01
9.931228756904602051e-01
9.919416308403015137e-01
9.922289848327636719e-01
9.918277859687805176e-01
9.910498261451721191e-01
9.914533495903015137e-01
9.906403422355651855e-01
9.908547401428222656e-01
9.893466234207153320e-01
9.935194849967956543e-01
9.939078688621520996e-01
9.932857751846313477e-01
9.930233955383300781e-01
9.921036362648010254e-01
9.925146698951721191e-01
9.918735027313232422e-01
9.913815855979919434e-01
9.904775023460388184e-01
9.907258152961730957e-01
9.892597794532775879e-01
9.888864755630493164e-01
9.937143921852111816e-01
9.934281110763549805e-01
9.930858612060546875e-01
9.918886423110961914e-01
9.922322630882263184e-01
9.917519092559814453e-01
9.911803603172302246e-01
9.902330636978149414e-01
9.906324744224548340e-01
9.897060394287109375e-01
9.890111684799194336e-01
9.936251640319824219e-01
9.934195876121520996e-01
9.931464195251464844e-01
9.918620586395263672e-01
9.923042058944702148e-01
9.923130273818969727e-01
9.911487698554992676e-01
9.901524782180786133e-01
9.906153678894042969e-01
9.896613359451293945e-01
9.889903664588928223e-01
9.935735464096069336e-01
9.933696389198303223e-01
9.931410551071166992e-01
9.918505549430847168e-01
9.922737479209899902e-01
9.923526048660278320e-01
9.911202788352966309e-01
9.913603067398071289e-01
9.906135797500610352e-01
9.891746640205383301e-01
9.887605905532836914e-01
9.935748577117919922e-01
9.932471513748168945e-01
9.930854439735412598e-01
9.918996691703796387e-01
9.921500682830810547e-01
9.922990798950195312e-01
9.911025762557983398e-01
9.914172887802124023e-01
9.906126856803894043e-01
9.891545176506042480e-01
9.887394905090332031e-01
9.935223460197448730e-01
9.933088421821594238e-01
9.929317235946655273e-01
9.918603301048278809e-01
9.921177625656127930e-01
9.922498464584350586e-01
9.910297989845275879e-01
9.911373853683471680e-01
9.901428222656250000e-01
9.894713759422302246e-01
9.889695048332214355e-01
9.888859391212463379e-01
9.937005639076232910e-01
9.931116700172424316e-01
9.925515651702880859e-01
9.920281767845153809e-01
9.923700094223022461e-01
9.916507005691528320e-01
9.909033179283142090e-01
9.896476268768310547e-01
9.905251264572143555e-01
9.891792535781860352e-01
9.885704517364501953e-01
9.934862256050109863e-01
9.931559562683105469e-01
9.930263757705688477e-01
9.919789433479309082e-01
9.923254847526550293e-01
9.914325475692749023e-01
9.909977912902832031e-01
9.912201166152954102e-01
9.899893403053283691e-01
9.907453060150146484e-01
9.893310666084289551e-01
9.884426593780517578e-01
9.935410022735595703e-01
9.930466413497924805e-01
9.929458498954772949e-01
9.919546842575073242e-01
9.923169612884521484e-01
9.913814067840576172e-01
9.909904003143310547e-01
9.911927580833435059e-01
9.898869991302490234e-01
9.906721711158752441e-01
9.891351461410522461e-01
9.885065555572509766e-01
9.934497475624084473e-01
9.931338429450988770e-01
9.928730726242065430e-01
9.924659132957458496e-01
9.920781254768371582e-01
9.920661449432373047e-01
9.915305376052856445e-01
9.911582469940185547e-01
9.896700382232666016e-01
9.901127815246582031e-01
9.889883995056152344e-01
9.882719516754150391e-01
9.886547327041625977e-01
9.932414293289184570e-01
9.925926923751831055e-01
9.927376508712768555e-01
9.919524788856506348e-01
9.920294880867004395e-01
9.913908839225769043e-01
9.909670352935791016e-01
9.912594556808471680e-01
9.899218082427978516e-01
9.906983375549316406e-01
9.888629913330078125e-01
9.885276556015014648e-01
9.934313297271728516e-01
9.929304122924804688e-01
9.928735494613647461e-01
9.925301671028137207e-01
9.922533631324768066e-01
9.913151264190673828e-01
9.908980131149291992e-01
9.911541342735290527e-01
9.898083209991455078e-01
9.905018806457519531e-01
9.892151355743408203e-01
9.885700941085815430e-01
9.933000206947326660e-01
9.930508136749267578e-01
9.927690029144287109e-01
9.924794435501098633e-01
9.921882152557373047e-01
9.914417266845703125e-01
9.907123446464538574e-01
9.911069869995117188e-01
9.897822737693786621e-01
9.905991554260253906e-01
9.892851710319519043e-01
9.885491132736206055e-01
9.932814836502075195e-01
9.930224418640136719e-01
9.928494691848754883e-01
9.924738407135009766e-01
9.921941757202148438e-01
9.912516474723815918e-01
9.908280372619628906e-01
9.910371899604797363e-01
9.898619651794433594e-01
9.905643463134765625e-01
9.892140626907348633e-01
9.885063171386718750e-01
9.932255744934082031e-01
9.929694533348083496e-01
9.928165078163146973e-01
9.924409985542297363e-01
9.921330213546752930e-01
9.912315011024475098e-01
9.906759262084960938e-01
9.910666942596435547e-01
9.897203445434570312e-01
9.902374148368835449e-01
9.894079566001892090e-01
9.888700246810913086e-01
9.884424209594726562e-01
9.932995438575744629e-01
9.928603172302246094e-01
9.925466775894165039e-01
9.917265772819519043e-01
9.920081496238708496e-01
9.913736581802368164e-01
9.906652569770812988e-01
9.910058975219726562e-01
9.898816347122192383e-01
9.902592301368713379e-01
9.893882870674133301e-01
9.887065291404724121e-01
9.884209632873535156e-01
9.932234287261962891e-01
9.928799271583557129e-01
9.926141500473022461e-01
9.921961426734924316e-01
9.920789003372192383e-01
9.912696480751037598e-01
9.907932281494140625e-01
9.909449219703674316e-01
9.897108078002929688e-01
9.899636507034301758e-01
9.892871975898742676e-01
9.887757301330566406e-01
9.881435632705688477e-01
9.930605888366699219e-01
9.929555058479309082e-01
9.926701784133911133e-01
9.923468232154846191e-01
9.917604923248291016e-01
9.919133186340332031e-01
9.913550615310668945e-01
9.907150268554687500e-01
9.895130395889282227e-01
9.899297952651977539e-01
9.904335141181945801e-01
9.891747236251831055e-01
9.879946708679199219e-01
9.884874820709228516e-01
9.932613372802734375e-01
9.923815727233886719e-01
9.921797513961791992e-01
9.916223287582397461e-01
9.919387698173522949e-01
9.912854433059692383e-01
9.906731247901916504e-01
9.895136356353759766e-01
9.898908734321594238e-01
9.904688596725463867e-01
9.891849756240844727e-01
9.877412319183349609e-01
9.885239601135253906e-01
9.931439757347106934e-01
9.927695989608764648e-01
9.925088286399841309e-01
9.921169281005859375e-01
9.915922284126281738e-01
9.918390512466430664e-01
9.913781881332397461e-01
9.906690120697021484e-01
9.897425174713134766e-01
9.904379844665527344e-01
9.890742301940917969e-01
9.878252744674682617e-01
9.883126020431518555e-01
9.929883480072021484e-01
9.928687810897827148e-01
9.926064610481262207e-01
9.921777844429016113e-01
9.915188550949096680e-01
9.919351339340209961e-01
9.912065863609313965e-01
9.907096028327941895e-01
9.894171953201293945e-01
9.899495840072631836e-01
9.892636537551879883e-01
9.886601567268371582e-01
9.877202510833740234e-01
9.883393049240112305e-01
9.930850267410278320e-01
9.926738739013671875e-01
9.924526810646057129e-01
9.920328259468078613e-01
9.915796518325805664e-01
9.917382597923278809e-01
9.913266301155090332e-01
9.909979701042175293e-01
9.899715781211853027e-01
9.900091886520385742e-01
9.886835813522338867e-01
9.876576066017150879e-01
9.882783293724060059e-01
9.929251670837402344e-01
9.927459955215454102e-01
9.925518631935119629e-01
9.921745657920837402e-01
9.916082620620727539e-01
9.917967319488525391e-01
9.912019968032836914e-01
9.905769824981689453e-01
9.897016286849975586e-01
9.903389811515808105e-01
9.890195131301879883e-01
9.874723553657531738e-01
9.880830049514770508e-01
9.884762763977050781e-01
9.930670261383056641e-01
9.922636151313781738e-01
9.922986030578613281e-01
9.919181466102600098e-01
9.915343523025512695e-01
9.916738271713256836e-01
9.912755489349365234e-01
9.909521937370300293e-01
9.896492958068847656e-01
9.903254508972167969e-01
9.892181158065795898e-01
9.877411127090454102e-01
9.881512522697448730e-01
9.873510599136352539e-01
9.926321506500244141e-01
9.924848079681396484e-01
9.921447038650512695e-01
9.914306402206420898e-01
9.917393326759338379e-01
9.910001158714294434e-01
9.903666973114013672e-01
9.894613027572631836e-01
9.901558756828308105e-01
9.890387654304504395e-01
9.886475801467895508e-01
9.878877997398376465e-01
9.883106946945190430e-01
9.929431080818176270e-01
9.921932816505432129e-01
9.920179843902587891e-01
9.919288754463195801e-01
9.917895197868347168e-01
9.916348457336425781e-01
9.911600351333618164e-01
9.892971515655517578e-01
9.894277453422546387e-01
9.891243577003479004e-01
9.886606931686401367e-01
9.877617955207824707e-01
9.880251884460449219e-01
9.871345162391662598e-01
9.924951195716857910e-01
9.922763109207153320e-01
9.918480515480041504e-01
9.914730787277221680e-01
9.916191697120666504e-01
9.911270141601562500e-01
9.893344640731811523e-01
9.897022843360900879e-01
9.898642301559448242e-01
9.885849952697753906e-01
9.876781105995178223e-01
9.881286621093750000e-01
9.872910976409912109e-01
9.925606250762939453e-01
9.922832250595092773e-01
9.918600320816040039e-01
9.914560317993164062e-01
9.910661578178405762e-01
9.904107451438903809e-01
9.893062114715576172e-01
9.897367954254150391e-01
9.897760152816772461e-01
9.890627861022949219e-01
9.874721169471740723e-01
9.879181981086730957e-01
9.883180260658264160e-01
9.925206899642944336e-01
9.923073649406433105e-01
9.918560385704040527e-01
9.913427233695983887e-01
9.915295839309692383e-01
9.910577535629272461e-01
9.907943010330200195e-01
9.895280599594116211e-01
9.902052283287048340e-01
9.887990951538085938e-01
9.874111413955688477e-01
9.879775643348693848e-01
9.871342778205871582e-01
9.924939870834350586e-01
9.923168420791625977e-01
9.918513298034667969e-01
9.914273023605346680e-01
9.908651709556579590e-01
9.903616905212402344e-01
9.894132614135742188e-01
9.899579286575317383e-01
9.889912009239196777e-01
9.873108863830566406e-01
9.878288507461547852e-01
9.882902503013610840e-01
9.927641749382019043e-01
9.922800660133361816e-01
9.918741583824157715e-01
9.913737177848815918e-01
9.909105300903320312e-01
9.904475212097167969e-01
9.907131195068359375e-01
9.896727800369262695e-01
9.896840453147888184e-01
9.890187382698059082e-01
9.874923229217529297e-01
9.881854057312011719e-01
9.868546128273010254e-01
9.920665025711059570e-01
9.919631481170654297e-01
9.913147687911987305e-01
9.914673566818237305e-01
9.902725815773010254e-01
9.905494451522827148e-01
9.893956780433654785e-01
9.892345666885375977e-01
9.897501468658447266e-01
9.873305559158325195e-01
9.878531694412231445e-01
9.871532917022705078e-01
9.924268722534179688e-01
9.921635389328002930e-01
9.917674660682678223e-01
9.913572072982788086e-01
9.908854961395263672e-01
9.902673959732055664e-01
9.906044602394104004e-01
9.894821643829345703e-01
9.898218512535095215e-01
9.886019229888916016e-01
9.877133369445800781e-01
9.881067276000976562e-01
9.924225807189941406e-01
9.919980168342590332e-01
9.916718006134033203e-01
9.912166595458984375e-01
9.908181428909301758e-01
9.903807640075683594e-01
9.907048940658569336e-01
9.893335103988647461e-01
9.898570775985717773e-01
9.885951280593872070e-01
9.877091646194458008e-01
9.881777763366699219e-01
9.923802614212036133e-01
9.919887781143188477e-01
9.916975498199462891e-01
9.911847710609436035e-01
9.908933639526367188e-01
9.901475310325622559e-01
9.906408786773681641e-01
9.892768263816833496e-01
9.897943735122680664e-01
9.885507822036743164e-01
9.877421259880065918e-01
9.871320724487304688e-01
9.924387335777282715e-01
9.920383691787719727e-01
9.918383359909057617e-01
9.911242723464965820e-01
9.914114475250244141e-01
9.901430606842041016e-01
9.902802705764770508e-01
9.890726804733276367e-01
9.898564219474792480e-01
9.888788461685180664e-01
9.876784086227416992e-01
9.871593713760375977e-01
9.924772381782531738e-01
9.922248125076293945e-01
9.918466806411743164e-01
9.909132719039916992e-01
9.912064671516418457e-01
9.906573295593261719e-01
9.901631474494934082e-01
9.904716014862060547e-01
9.893937706947326660e-01
9.886567592620849609e-01
9.874333143234252930e-01
9.880310297012329102e-01
9.924808740615844727e-01
9.920896291732788086e-01
9.917100667953491211e-01
9.909482002258300781e-01
9.912045598030090332e-01
9.908105134963989258e-01
9.900373816490173340e-01
9.904406070709228516e-01
9.892411231994628906e-01
9.884760379791259766e-01
9.873177409172058105e-01
9.879248142242431641e-01
9.869141578674316406e-01
9.922697544097900391e-01
9.918940067291259766e-01
9.916201233863830566e-01
9.911730885505676270e-01
9.912519454956054688e-01
9.908381700515747070e-01
9.903252124786376953e-01
9.889351129531860352e-01
9.897460341453552246e-01
9.872221946716308594e-01
9.877356886863708496e-01
9.870966076850891113e-01
9.923170208930969238e-01
9.918357133865356445e-01
9.915083646774291992e-01
9.911564588546752930e-01
9.911729097366333008e-01
9.908064603805541992e-01
9.902999401092529297e-01
9.904838204383850098e-01
9.898647665977478027e-01
9.887296557426452637e-01
9.874141216278076172e-01
9.880594611167907715e-01
9.867680072784423828e-01
9.919968843460083008e-01
9.917255640029907227e-01
9.909024238586425781e-01
9.913105368614196777e-01
9.907208681106567383e-01
9.903532862663269043e-01
9.905118346214294434e-01
9.892466664314270020e-01
9.885388016700744629e-01
9.883432984352111816e-01
9.875408411026000977e-01
9.880616664886474609e-01
9.923232793807983398e-01
9.920200705528259277e-01
9.917038679122924805e-01
9.914684295654296875e-01
9.911778569221496582e-01
9.907050728797912598e-01
9.902780652046203613e-01
9.904916286468505859e-01
9.890462160110473633e-01
9.887815713882446289e-01
9.881828427314758301e-01
9.876650571823120117e-01
9.871275424957275391e-01
9.921504855155944824e-01
9.919049143791198730e-01
9.915109276771545410e-01
9.912851452827453613e-01
9.906678199768066406e-01
9.900078773498535156e-01
9.904589653015136719e-01
9.897492527961730957e-01
9.887576103210449219e-01
9.881678223609924316e-01
9.876005053520202637e-01
9.871274232864379883e-01
9.921144247055053711e-01
9.918692111968994141e-01
9.914795160293579102e-01
9.913132786750793457e-01
9.906694889068603516e-01
9.899725317955017090e-01
9.889042377471923828e-01
9.896489381790161133e-01
9.887330532073974609e-01
9.881714582443237305e-01
9.877994060516357422e-01
9.869738221168518066e-01
9.919927120208740234e-01
9.915783405303955078e-01
9.913993477821350098e-01
9.910076260566711426e-01
9.906343221664428711e-01
9.900219440460205078e-01
9.892137646675109863e-01
9.895279407501220703e-01
9.886041879653930664e-01
9.871901273727416992e-01
9.877014160156250000e-01
9.868842363357543945e-01
9.918853044509887695e-01
9.915882945060729980e-01
9.913336634635925293e-01
9.910213947296142578e-01
9.898017048835754395e-01
9.888446331024169922e-01
9.892978668212890625e-01
9.893820285797119141e-01
9.886100292205810547e-01
9.875216484069824219e-01
9.878005981445312500e-01
9.867678284645080566e-01
9.915937781333923340e-01
9.915398955345153809e-01
9.906980395317077637e-01
9.910722970962524414e-01
9.898260831832885742e-01
9.887808561325073242e-01
9.893283843994140625e-01
9.894442558288574219e-01
9.884542822837829590e-01
9.873170256614685059e-01
9.878132939338684082e-01
9.920554757118225098e-01
9.917079210281372070e-01
9.912260770797729492e-01
9.910780191421508789e-01
9.905679225921630859e-01
9.898803830146789551e-01
9.891656637191772461e-01
9.895318746566772461e-01
9.882981777191162109e-01
9.880121946334838867e-01
9.875164031982421875e-01
9.871272444725036621e-01
9.919121265411376953e-01
9.915152788162231445e-01
9.912121295928955078e-01
9.909696578979492188e-01
9.903370738029479980e-01
9.887135624885559082e-01
9.890286922454833984e-01
9.896586537361145020e-01
9.885649085044860840e-01
9.872529506683349609e-01
9.877910614013671875e-01
9.919939041137695312e-01
9.916450977325439453e-01
9.911865592002868652e-01
9.908972978591918945e-01
9.902670383453369141e-01
9.887745976448059082e-01
9.892631769180297852e-01
9.883267879486083984e-01
9.885264635086059570e-01
9.874464869499206543e-01
9.877343177795410156e-01
9.867676496505737305e-01
9.916082620620727539e-01
9.911333918571472168e-01
9.910125136375427246e-01
9.903978109359741211e-01
9.898451566696166992e-01
9.891804456710815430e-01
9.896091222763061523e-01
9.883955717086791992e-01
9.872525930404663086e-01
9.877970218658447266e-01
9.918712973594665527e-01
9.914596080780029297e-01
9.906499385833740234e-01
9.908352494239807129e-01
9.902266263961791992e-01
9.896465539932250977e-01
9.895069599151611328e-01
9.883233308792114258e-01
9.878116846084594727e-01
9.875375032424926758e-01
9.868545532226562500e-01
9.916232824325561523e-01
9.910734295845031738e-01
9.905936717987060547e-01
9.904272556304931641e-01
9.898197054862976074e-01
9.891654849052429199e-01
9.882349967956542969e-01
9.878861904144287109e-01
9.875581264495849609e-01
9.868252873420715332e-01
9.915365576744079590e-01
9.906288385391235352e-01
9.909365177154541016e-01
9.903527498245239258e-01
9.897553920745849609e-01
9.894504547119140625e-01
9.885913133621215820e-01
9.874051213264465332e-01
9.877938032150268555e-01
9.917085766792297363e-01
9.913460016250610352e-01
9.906760454177856445e-01
9.907730817794799805e-01
9.900745153427124023e-01
9.898723959922790527e-01
9.894188046455383301e-01
9.885518550872802734e-01
9.872519969940185547e-01
9.877780675888061523e-01
9.916679263114929199e-01
9.909617900848388672e-01
9.906764030456542969e-01
9.907687306404113770e-01
9.898173809051513672e-01
9.900065660476684570e-01
9.892467260360717773e-01
9.882748126983642578e-01
9.875097870826721191e-01
9.869133830070495605e-01
9.915012121200561523e-01
9.910651445388793945e-01
9.904941916465759277e-01
9.903387427330017090e-01
9.896955490112304688e-01
9.886249303817749023e-01
9.893901944160461426e-01
9.885598421096801758e-01
9.877351522445678711e-01
9.867674708366394043e-01
9.913110136985778809e-01
9.906344413757324219e-01
9.908407926559448242e-01
9.901846647262573242e-01
9.898501038551330566e-01
9.893586635589599609e-01
9.895032048225402832e-01
9.872832298278808594e-01
9.871579408645629883e-01
9.915258884429931641e-01
9.910566806793212891e-01
9.905081987380981445e-01
9.907246828079223633e-01
9.899659752845764160e-01
9.897656440734863281e-01
9.892521500587463379e-01
9.882095456123352051e-01
9.873149394989013672e-01
9.870647192001342773e-01
9.914046525955200195e-01
9.910909533500671387e-01
9.909833073616027832e-01
9.907552599906921387e-01
9.901897907257080078e-01
9.896252155303955078e-01
9.889978766441345215e-01
9.893293380737304688e-01
9.884553551673889160e-01
9.876403808593750000e-01
9.915462732315063477e-01
9.912051558494567871e-01
9.908663630485534668e-01
9.903116226196289062e-01
9.905962944030761719e-01
9.899435639381408691e-01
9.897789359092712402e-01
9.892739057540893555e-01
9.894133806228637695e-01
9.872492551803588867e-01
9.870955348014831543e-01
9.913637042045593262e-01
9.909502267837524414e-01
9.904431104660034180e-01
9.907101392745971680e-01
9.901161789894104004e-01
9.897095561027526855e-01
9.884717464447021484e-01
9.890869855880737305e-01
9.884340763092041016e-01
9.875386357307434082e-01
9.914656877517700195e-01
9.911096692085266113e-01
9.908594489097595215e-01
9.901403784751892090e-01
9.904752373695373535e-01
9.899281859397888184e-01
9.894394874572753906e-01
9.889849424362182617e-01
9.880988001823425293e-01
9.876955747604370117e-01
9.876071214675903320e-01
9.913451075553894043e-01
9.910308122634887695e-01
9.906774163246154785e-01
9.906460642814636230e-01
9.904087781906127930e-01
9.895898103713989258e-01
9.885466694831848145e-01
9.889338612556457520e-01
9.883061647415161133e-01
9.877890348434448242e-01
9.875748753547668457e-01
9.913851022720336914e-01
9.909970760345458984e-01
9.901790022850036621e-01
9.906117916107177734e-01
9.900537133216857910e-01
9.897465109825134277e-01
9.887360334396362305e-01
9.890043139457702637e-01
9.882822036743164062e-01
9.872448444366455078e-01
9.869130849838256836e-01
9.911228418350219727e-01
9.907843470573425293e-01
9.900227189064025879e-01
9.900047779083251953e-01
9.896377325057983398e-01
9.886336326599121094e-01
9.889856576919555664e-01
9.883142113685607910e-01
9.873065948486328125e-01
9.869729876518249512e-01
9.911454916000366211e-01
9.906872510910034180e-01
9.901263117790222168e-01
9.899815320968627930e-01
9.896768331527709961e-01
9.886447191238403320e-01
9.879902601242065430e-01
9.878404736518859863e-01
9.873694181442260742e-01
9.867957830429077148e-01
9.908334612846374512e-01
9.905868768692016602e-01
9.902293086051940918e-01
9.897224307060241699e-01
9.896744489669799805e-01
9.889318346977233887e-01
9.882611036300659180e-01
9.872601032257080078e-01
9.869428873062133789e-01
9.910478591918945312e-01
9.906857609748840332e-01
9.901373982429504395e-01
9.898152947425842285e-01
9.893919229507446289e-01
9.888947010040283203e-01
9.880112409591674805e-01
9.876914024353027344e-01
9.870947599411010742e-01
9.909359216690063477e-01
9.906873703002929688e-01
9.901610612869262695e-01
9.897742271423339844e-01
9.893221259117126465e-01
9.887984395027160645e-01
9.881122112274169922e-01
9.876886606216430664e-01
9.870334863662719727e-01
9.909425377845764160e-01
9.906148910522460938e-01
9.900766611099243164e-01
9.898676872253417969e-01
9.893059134483337402e-01
9.887841939926147461e-01
9.878565073013305664e-01
9.876912236213684082e-01
9.870641827583312988e-01
9.908678531646728516e-01
9.905664324760437012e-01
9.900580644607543945e-01
9.898149967193603516e-01
9.892675876617431641e-01
9.888193011283874512e-01
9.881885051727294922e-01
9.877593517303466797e-01
9.874269366264343262e-01
9.908285140991210938e-01
9.905686378479003906e-01
9.898893237113952637e-01
9.897681474685668945e-01
9.895024299621582031e-01
9.884803891181945801e-01
9.888708591461181641e-01
9.878897666931152344e-01
9.875628948211669922e-01
9.870334863662719727e-01
9.908763170242309570e-01
9.903457164764404297e-01
9.900732040405273438e-01
9.894300699234008789e-01
9.894719719886779785e-01
9.888126254081726074e-01
9.882541298866271973e-01
9.877909421920776367e-01
9.873129129409790039e-01
9.867668151855468750e-01
9.907133579254150391e-01
9.903717637062072754e-01
9.900267124176025391e-01
9.893739223480224609e-01
9.894623756408691406e-01
9.887135624885559082e-01
9.889934062957763672e-01
9.880244731903076172e-01
9.872793555259704590e-01
9.867954254150390625e-01
9.906801581382751465e-01
9.902777671813964844e-01
9.900016784667968750e-01
9.896543622016906738e-01
9.894411563873291016e-01
9.886088371276855469e-01
9.882253408432006836e-01
9.876778125762939453e-01
9.873359203338623047e-01
9.907696247100830078e-01
9.904122352600097656e-01
9.899191856384277344e-01
9.901099801063537598e-01
9.893878102302551270e-01
9.884225726127624512e-01
9.887636303901672363e-01
9.878536462783813477e-01
9.875051379203796387e-01
9.868831038475036621e-01
9.905896186828613281e-01
9.901385307312011719e-01
9.899832010269165039e-01
9.895429015159606934e-01
9.893716573715209961e-01
9.889513254165649414e-01
9.881688356399536133e-01
9.875448942184448242e-01
9.870946407318115234e-01
9.907326698303222656e-01
9.904149770736694336e-01
9.899058341979980469e-01
9.899508357048034668e-01
9.893864989280700684e-01
9.886108636856079102e-01
9.888944625854492188e-01
9.879890680313110352e-01
9.872205257415771484e-01
9.906032085418701172e-01
9.903044700622558594e-01
9.901355504989624023e-01
9.899629354476928711e-01
9.895514249801635742e-01
9.882804155349731445e-01
9.888328909873962402e-01
9.879735708236694336e-01
9.872236251831054688e-01
9.906765818595886230e-01
9.902026653289794922e-01
9.897754192352294922e-01
9.900025129318237305e-01
9.892845749855041504e-01
9.889310002326965332e-01
9.879804849624633789e-01
9.874817728996276855e-01
9.870331287384033203e-01
9.904510974884033203e-01
9.897071719169616699e-01
9.898787736892700195e-01
9.893253445625305176e-01
9.885342717170715332e-01
9.880680441856384277e-01
9.875839352607727051e-01
9.871550798416137695e-01
9.905225634574890137e-01
9.896831512451171875e-01
9.898436665534973145e-01
9.894468784332275391e-01
9.885866641998291016e-01
9.888024926185607910e-01
9.878541231155395508e-01
9.872863888740539551e-01
9.867664575576782227e-01
9.900774955749511719e-01
9.899113178253173828e-01
9.894520044326782227e-01
9.886021018028259277e-01
9.886490702629089355e-01
9.877245426177978516e-01
9.872680902481079102e-01
9.868533611297607422e-01
9.901088476181030273e-01
9.898806810379028320e-01
9.895010590553283691e-01
9.883608818054199219e-01
9.888405799865722656e-01
9.879161119461059570e-01
9.874373674392700195e-01
9.870024919509887695e-01
9.900766015052795410e-01
9.896359443664550781e-01
9.897403120994567871e-01
9.892773628234863281e-01
9.884135723114013672e-01
9.881004095077514648e-01
9.874172210693359375e-01
9.870024919509887695e-01
9.900040030479431152e-01
9.896764755249023438e-01
9.894353151321411133e-01
9.891859292984008789e-01
9.884370565414428711e-01
9.881641268730163574e-01
9.873655438423156738e-01
9.869421720504760742e-01
9.900504946708679199e-01
9.896482825279235840e-01
9.893670082092285156e-01
9.891701936721801758e-01
9.882569313049316406e-01
9.885575771331787109e-01
9.877753853797912598e-01
9.869720339775085449e-01
9.900144338607788086e-01
9.894388914108276367e-01
9.893879890441894531e-01
9.890164136886596680e-01
9.884361028671264648e-01
9.885804653167724609e-01
9.873573780059814453e-01
9.868239164352416992e-01
9.895536899566650391e-01
9.896879196166992188e-01
9.889267683029174805e-01
9.883943796157836914e-01
9.884997606277465820e-01
9.873289465904235840e-01
9.868238568305969238e-01
9.894765019416809082e-01
9.893440008163452148e-01
9.890165328979492188e-01
9.885691404342651367e-01
9.880039095878601074e-01
9.871926307678222656e-01
9.899898767471313477e-01
9.896333813667297363e-01
9.888939857482910156e-01
9.883652925491333008e-01
9.881518483161926270e-01
9.872822165489196777e-01
9.867948293685913086e-01
9.898950457572937012e-01
9.895395040512084961e-01
9.889681339263916016e-01
9.886785745620727539e-01
9.879177808761596680e-01
9.870513677597045898e-01
9.899598360061645508e-01
9.896034002304077148e-01
9.890233278274536133e-01
9.883114695549011230e-01
9.880517125129699707e-01
9.872161746025085449e-01
9.900743961334228516e-01
9.895983338356018066e-01
9.892227649688720703e-01
9.882052540779113770e-01
9.883489608764648438e-01
9.876298904418945312e-01
9.868527650833129883e-01
9.894160032272338867e-01
9.892534017562866211e-01
9.881747961044311523e-01
9.883615970611572266e-01
9.876307249069213867e-01
9.868526458740234375e-01
9.893931150436401367e-01
9.892525076866149902e-01
9.886854290962219238e-01
9.884719848632812500e-01
9.877581596374511719e-01
9.870319962501525879e-01
9.898118376731872559e-01
9.894961118698120117e-01
9.888314008712768555e-01
9.885360002517700195e-01
9.877997636795043945e-01
9.872858524322509766e-01
9.868234395980834961e-01
9.895492196083068848e-01
9.891245961189270020e-01
9.880788922309875488e-01
9.880049824714660645e-01
9.875483512878417969e-01
9.870730042457580566e-01
9.897624254226684570e-01
9.894078969955444336e-01
9.888642430305480957e-01
9.881743788719177246e-01
9.878592491149902344e-01
9.873507022857666016e-01
9.869116544723510742e-01
9.895111322402954102e-01
9.893938302993774414e-01
9.889203906059265137e-01
9.881467819213867188e-01
9.878643751144409180e-01
9.872970581054687500e-01
9.869122505187988281e-01
9.896240234375000000e-01
9.894552826881408691e-01
9.890745878219604492e-01
9.886901974678039551e-01
9.883865714073181152e-01
9.875732660293579102e-01
9.872328042984008789e-01
9.897161126136779785e-01
9.894896745681762695e-01
9.892171621322631836e-01
9.888387918472290039e-01
9.884651899337768555e-01
9.878486394882202148e-01
9.872654676437377930e-01
9.868526458740234375e-01
9.895005226135253906e-01
9.892784953117370605e-01
9.887126684188842773e-01
9.885246753692626953e-01
9.879329800605773926e-01
9.874992370605468750e-01
9.869403839111328125e-01
9.895056486129760742e-01
9.892641901969909668e-01
9.888936281204223633e-01
9.883647561073303223e-01
9.882044792175292969e-01
9.875172972679138184e-01
9.869403839111328125e-01
9.894731044769287109e-01
9.892857074737548828e-01
9.888132214546203613e-01
9.884575605392456055e-01
9.878167510032653809e-01
9.873260259628295898e-01
9.867655634880065918e-01
9.893712401390075684e-01
9.891509413719177246e-01
9.887545108795166016e-01
9.879962205886840820e-01
9.876211881637573242e-01
9.870845675468444824e-01
9.894443154335021973e-01
9.891843199729919434e-01
9.885692000389099121e-01
9.883759617805480957e-01
9.877790212631225586e-01
9.872325658798217773e-01
9.895359277725219727e-01
9.889560937881469727e-01
9.887955188751220703e-01
9.882658720016479492e-01
9.881794452667236328e-01
9.873675704002380371e-01
9.868815541267395020e-01
9.892563819885253906e-01
9.888182878494262695e-01
9.886491298675537109e-01
9.880788922309875488e-01
9.874261021614074707e-01
9.869408011436462402e-01
9.892457127571105957e-01
9.890123605728149414e-01
9.885635375976562500e-01
9.879846572875976562e-01
9.874883294105529785e-01
9.869709014892578125e-01
9.892210960388183594e-01
9.889796376228332520e-01
9.884942770004272461e-01
9.878960847854614258e-01
9.874894022941589355e-01
9.869709610939025879e-01
9.891862273216247559e-01
9.887501001358032227e-01
9.884579181671142578e-01
9.878770709037780762e-01
9.874603748321533203e-01
9.869709014892578125e-01
9.891495704650878906e-01
9.887340664863586426e-01
9.884434342384338379e-01
9.879125952720642090e-01
9.874664545059204102e-01
9.868521690368652344e-01
9.888364076614379883e-01
9.886391162872314453e-01
9.881716370582580566e-01
9.880989193916320801e-01
9.872482419013977051e-01
9.892112612724304199e-01
9.889183044433593750e-01
9.884990453720092773e-01
9.877483844757080078e-01
9.875143766403198242e-01
9.870624542236328125e-01
9.887659549713134766e-01
9.887133836746215820e-01
9.883884787559509277e-01
9.879754185676574707e-01
9.874165058135986328e-01
9.867939352989196777e-01
9.889228343963623047e-01
9.884324073791503906e-01
9.877720475196838379e-01
9.876152276992797852e-01
9.871241450309753418e-01
9.890055656433105469e-01
9.886584877967834473e-01
9.880248904228210449e-01
9.878487586975097656e-01
9.873274564743041992e-01
9.867938756942749023e-01
9.888391494750976562e-01
9.883776903152465820e-01
9.876672029495239258e-01
9.874796271324157715e-01
9.870011210441589355e-01
9.888806343078613281e-01
9.884556531906127930e-01
9.881335496902465820e-01
9.874844551086425781e-01
9.870313405990600586e-01
9.888595938682556152e-01
9.883873462677001953e-01
9.880643486976623535e-01
9.874118566513061523e-01
9.868520498275756836e-01
9.886742830276489258e-01
9.882959127426147461e-01
9.879045486450195312e-01
9.871481657028198242e-01
9.888175725936889648e-01
9.884260296821594238e-01
9.881559610366821289e-01
9.873050451278686523e-01
9.867936968803405762e-01
9.885321855545043945e-01
9.882158637046813965e-01
9.878585338592529297e-01
9.869999885559082031e-01
9.886705875396728516e-01
9.882659316062927246e-01
9.880408644676208496e-01
9.870589375495910645e-01
9.885215759277343750e-01
9.882666468620300293e-01
9.880012869834899902e-01
9.869996905326843262e-01
9.885870218276977539e-01
9.881986379623413086e-01
9.879824519157409668e-01
9.869402647018432617e-01
9.884217381477355957e-01
9.880860447883605957e-01
9.874102473258972168e-01
9.867935180664062500e-01
9.882451295852661133e-01
9.879782199859619141e-01
9.872777462005615234e-01
9.886064529418945312e-01
9.882758855819702148e-01
9.880063533782958984e-01
9.873274564743041992e-01
9.885639548301696777e-01
9.882831573486328125e-01
9.879655241966247559e-01
9.873347878456115723e-01
9.867933988571166992e-01
9.882172346115112305e-01
9.878566861152648926e-01
9.873424768447875977e-01
9.869105219841003418e-01
9.881849288940429688e-01
9.880546331405639648e-01
9.875397682189941406e-01
9.872802495956420898e-01
9.884146451950073242e-01
9.879967570304870605e-01
9.876590371131896973e-01
9.873728156089782715e-01
9.867646098136901855e-01
9.881312251091003418e-01
9.876509308815002441e-01
9.872202277183532715e-01
9.883506298065185547e-01
9.878315925598144531e-01
9.874846935272216797e-01
9.869394898414611816e-01
9.880875945091247559e-01
9.874973893165588379e-01
9.870269894599914551e-01
9.880801439285278320e-01
9.875022172927856445e-01
9.869685173034667969e-01
9.877785444259643555e-01
9.875028133392333984e-01
9.868803024291992188e-01
9.876925945281982422e-01
9.873219132423400879e-01
9.867644309997558594e-01
9.876327514648437500e-01
9.871693849563598633e-01
9.880367517471313477e-01
9.874014854431152344e-01
9.869097471237182617e-01
9.876292347908020020e-01
9.872289299964904785e-01
9.879780411720275879e-01
9.874523878097534180e-01
9.870294332504272461e-01
9.876441955566406250e-01
9.872298240661621094e-01
9.879471063613891602e-01
9.875352382659912109e-01
9.869992733001708984e-01
9.876325726509094238e-01
9.873123168945312500e-01
9.867641329765319824e-01
9.876351952552795410e-01
9.872134923934936523e-01
9.877668023109436035e-01
9.874820709228515625e-01
9.869396686553955078e-01
9.875545501708984375e-01
9.871846437454223633e-01
9.876624345779418945e-01
9.873293638229370117e-01
9.877141714096069336e-01
9.873489737510681152e-01
9.867926836013793945e-01
9.873587489128112793e-01
9.868507385253906250e-01
9.873052835464477539e-01
9.868214130401611328e-01
9.873014688491821289e-01
9.875277280807495117e-01
9.871217012405395508e-01
9.873654842376708984e-01
9.868800640106201172e-01
9.871794581413269043e-01
9.873248338699340820e-01
9.868213534355163574e-01
9.869992733001708984e-01
9.871328473091125488e-01
9.871875047683715820e-01
9.872064590454101562e-01
9.872064590454101562e-01
9.871675372123718262e-01
9.871095418930053711e-01
9.870165586471557617e-01
9.868786334991455078e-01
9.869589805603027344e-01
9.868862032890319824e-01
9.867858290672302246e-01
9.984815120697021484e-01
9.986197948455810547e-01
9.983564019203186035e-01
9.984266757965087891e-01
9.982653856277465820e-01
9.981842041015625000e-01
9.982908964157104492e-01
9.980052113533020020e-01
9.980297088623046875e-01
9.979331493377685547e-01
9.976113438606262207e-01
9.978965520858764648e-01
9.974843859672546387e-01
9.973918199539184570e-01
9.973577260971069336e-01
9.970374703407287598e-01
9.967849850654602051e-01
9.968615770339965820e-01
9.965547323226928711e-01
9.965537786483764648e-01
9.965555667877197266e-01
9.964704513549804688e-01
9.962385892868041992e-01
9.959887266159057617e-01
9.960290193557739258e-01
9.959179759025573730e-01
9.958353638648986816e-01
9.954085350036621094e-01
9.954239130020141602e-01
9.952493906021118164e-01
9.954167604446411133e-01
9.951624870300292969e-01
9.949083328247070312e-01
9.949622154235839844e-01
9.948643445968627930e-01
9.947381019592285156e-01
9.945412278175354004e-01
9.944593310356140137e-01
9.944434165954589844e-01
9.941556453704833984e-01
9.941805601119995117e-01
9.942141771316528320e-01
9.941225051879882812e-01
9.939873218536376953e-01
9.941346645355224609e-01
9.938883185386657715e-01
9.936541318893432617e-01
9.934179782867431641e-01
9.930934309959411621e-01
9.929946064949035645e-01
9.927096962928771973e-01
9.929656982421875000e-01
9.928015470504760742e-01
9.926410913467407227e-01
9.927564263343811035e-01
9.925149679183959961e-01
9.925625324249267578e-01
9.918769598007202148e-01
9.915879368782043457e-01
9.917532205581665039e-01
9.917531013488769531e-01
9.914861321449279785e-01
9.917657375335693359e-01
9.914894700050354004e-01
9.913831949234008789e-01
9.913154840469360352e-01
9.912263751029968262e-01
9.908459186553955078e-01
9.909141659736633301e-01
9.908393621444702148e-01
9.904429316520690918e-01
9.901445508003234863e-01
9.904390573501586914e-01
9.902735948562622070e-01
9.901824593544006348e-01
9.903015494346618652e-01
9.900076985359191895e-01
9.900321364402770996e-01
9.898776412010192871e-01
9.896146655082702637e-01
9.893782734870910645e-01
9.891308546066284180e-01
9.889978170394897461e-01
9.892776012420654297e-01
9.892894029617309570e-01
9.891266822814941406e-01
9.890524148941040039e-01
9.888510704040527344e-01
9.882409572601318359e-01
9.879952073097229004e-01
9.879924058914184570e-01
9.879773259162902832e-01
9.876753091812133789e-01
9.877014756202697754e-01
9.874359965324401855e-01
9.874616265296936035e-01
9.986817836761474609e-01
9.986109733581542969e-01
9.985715150833129883e-01
9.985800981521606445e-01
9.985798001289367676e-01
9.984452128410339355e-01
9.984291791915893555e-01
9.985932111740112305e-01
9.985312819480895996e-01
9.985215663909912109e-01
9.984880685806274414e-01
9.982884526252746582e-01
9.981881380081176758e-01
9.981366991996765137e-01
9.981013536453247070e-01
9.982199668884277344e-01
9.982075691223144531e-01
9.981274604797363281e-01
9.980595111846923828e-01
9.981253147125244141e-01
9.980953931808471680e-01
9.981610774993896484e-01
9.980443120002746582e-01
9.978155493736267090e-01
9.978134632110595703e-01
9.976456761360168457e-01
9.976447224617004395e-01
9.978989362716674805e-01
9.977564215660095215e-01
9.976966977119445801e-01
9.975104928016662598e-01
9.973787069320678711e-01
9.974520206451416016e-01
9.973313212394714355e-01
9.972747564315795898e-01
9.972158074378967285e-01
9.971574544906616211e-01
9.970873594284057617e-01
9.968493580818176270e-01
9.968067407608032227e-01
9.967611432075500488e-01
9.966363906860351562e-01
9.968045949935913086e-01
9.967014789581298828e-01
9.967569708824157715e-01
9.965814352035522461e-01
9.964834451675415039e-01
9.965059757232666016e-01
9.963537454605102539e-01
9.963658452033996582e-01
9.965568780899047852e-01
9.964113235473632812e-01
9.963887929916381836e-01
9.961882829666137695e-01
9.961934089660644531e-01
9.961038827896118164e-01
9.960611462593078613e-01
9.961034059524536133e-01
9.960316419601440430e-01
9.960345029830932617e-01
9.959886074066162109e-01
9.959620237350463867e-01
9.959389567375183105e-01
9.957827329635620117e-01
9.957593679428100586e-01
9.955506920814514160e-01
9.954538941383361816e-01
9.954618811607360840e-01
9.955065846443176270e-01
9.953321218490600586e-01
9.953401088714599609e-01
9.951900839805603027e-01
9.951943159103393555e-01
9.953390359878540039e-01
9.953708648681640625e-01
9.953005313873291016e-01
9.951909780502319336e-01
9.951593875885009766e-01
9.949749112129211426e-01
9.949699640274047852e-01
9.950255155563354492e-01
9.949151873588562012e-01
9.949840307235717773e-01
9.948697686195373535e-01
9.949089288711547852e-01
9.948264956474304199e-01
9.946891069412231445e-01
9.946635365486145020e-01
9.945645332336425781e-01
9.944630861282348633e-01
9.943439960479736328e-01
9.943558573722839355e-01
9.943721294403076172e-01
9.943892955780029297e-01
9.942772388458251953e-01
9.942744374275207520e-01
9.944273233413696289e-01
9.943886995315551758e-01
9.942314624786376953e-01
9.941786527633666992e-01
9.941462874412536621e-01
9.941531419754028320e-01
9.941008090972900391e-01
9.940468072891235352e-01
9.941805601119995117e-01
9.940146803855895996e-01
9.939664006233215332e-01
9.941589832305908203e-01
9.940384626388549805e-01
9.941051006317138672e-01
9.940352439880371094e-01
9.936146736145019531e-01
9.935852885246276855e-01
9.935656785964965820e-01
9.935020208358764648e-01
9.933182001113891602e-01
9.932855367660522461e-01
9.931626319885253906e-01
9.931386709213256836e-01
9.929431676864624023e-01
9.928005933761596680e-01
9.928301572799682617e-01
9.927345514297485352e-01
9.929102659225463867e-01
9.927599430084228516e-01
9.927340745925903320e-01
9.927600622177124023e-01
9.926974773406982422e-01
9.926422834396362305e-01
9.926556348800659180e-01
9.927048683166503906e-01
9.925646781921386719e-01
9.926162958145141602e-01
9.925715923309326172e-01
9.925614595413208008e-01
9.925051927566528320e-01
9.925284981727600098e-01
9.924905300140380859e-01
9.917567968368530273e-01
9.917986392974853516e-01
9.917995333671569824e-01
9.917299747467041016e-01
9.916626214981079102e-01
9.917392730712890625e-01
9.915184974670410156e-01
9.915669560432434082e-01
9.917563199996948242e-01
9.916185140609741211e-01
9.916126132011413574e-01
9.916091561317443848e-01
9.916349649429321289e-01
9.916675686836242676e-01
9.916313886642456055e-01
9.915297031402587891e-01
9.915171265602111816e-01
9.915490746498107910e-01
9.915013909339904785e-01
9.913731217384338379e-01
9.913178682327270508e-01
9.913382530212402344e-01
9.911538362503051758e-01
9.909655451774597168e-01
9.908874034881591797e-01
9.909623265266418457e-01
9.907979369163513184e-01
9.907774925231933594e-01
9.907083511352539062e-01
9.908643960952758789e-01
9.907974004745483398e-01
9.904257655143737793e-01
9.902361631393432617e-01
9.902476668357849121e-01
9.901586771011352539e-01
9.902954101562500000e-01
9.904426932334899902e-01
9.902268648147583008e-01
9.903228282928466797e-01
9.902646541595458984e-01
9.902241230010986328e-01
9.901362657546997070e-01
9.901081323623657227e-01
9.901922941207885742e-01
9.901432991027832031e-01
9.900707006454467773e-01
9.900543093681335449e-01
9.898865818977355957e-01
9.900649189949035645e-01
9.898299574851989746e-01
9.898750782012939453e-01
9.898048639297485352e-01
9.897553324699401855e-01
9.897211194038391113e-01
9.895493388175964355e-01
9.894396662712097168e-01
9.895784258842468262e-01
9.895336627960205078e-01
9.892379045486450195e-01
9.891400933265686035e-01
9.890992641448974609e-01
9.890239238739013672e-01
9.890965223312377930e-01
9.892353415489196777e-01
9.891210794448852539e-01
9.890391230583190918e-01
9.891831278800964355e-01
9.891270399093627930e-01
9.891414642333984375e-01
9.889492988586425781e-01
9.890309572219848633e-01
9.889018535614013672e-01
9.888834953308105469e-01
9.884202480316162109e-01
9.883369803428649902e-01
9.884289503097534180e-01
9.884315133094787598e-01
9.880363345146179199e-01
9.880586862564086914e-01
9.879628419876098633e-01
9.879361987113952637e-01
9.879406094551086426e-01
9.879403710365295410e-01
9.879166483879089355e-01
9.878255128860473633e-01
9.876318573951721191e-01
9.876775741577148438e-01
9.876062273979187012e-01
9.875358939170837402e-01
9.876007437705993652e-01
9.875118732452392578e-01
9.874365329742431641e-01
9.874814748764038086e-01
