5.972936749458312988e-03
4.909813404083251953e-03
-3.925949335098266602e-03
-3.963023424148559570e-03
-4.949867725372314453e-03
2.029180526733398438e-03
1.351624727249145508e-03
1.716732978820800781e-02
1.072939634323120117e-01
7.100212574005126953e-02
9.440481662750244141e-04
1.151652485132217407e-01
2.346573173999786377e-01
-2.996951341629028320e-03
1.255623698234558105e-01
1.062363088130950928e-01
7.471808791160583496e-02
1.567333936691284180e-03
-6.451308727264404297e-03
2.158999443054199219e-03
1.641942560672760010e-01
2.736568450927734375e-03
1.307319253683090210e-01
1.504909992218017578e-01
1.696557849645614624e-01
6.805020570755004883e-02
1.799426972866058350e-01
1.882065832614898682e-01
1.884783804416656494e-01
1.138964891433715820e-01
1.391950845718383789e-01
1.533534526824951172e-01
1.273618340492248535e-01
8.319526910781860352e-03
1.237653493881225586e-01
3.927588462829589844e-02
2.576147019863128662e-02
2.823726087808609009e-02
1.009507775306701660e-01
1.881786584854125977e-01
1.850340962409973145e-01
1.161234378814697266e-01
1.829248368740081787e-01
3.378262519836425781e-01
5.605263710021972656e-01
7.983439564704895020e-01
4.328990727663040161e-02
1.028040647506713867e-01
9.279161691665649414e-03
2.803950384259223938e-02
1.257659494876861572e-01
1.224225759506225586e-02
9.131723642349243164e-02
1.920866966247558594e-02
9.745967388153076172e-02
9.426289796829223633e-02
7.029032707214355469e-02
6.512349843978881836e-02
8.305358886718750000e-02
7.845389842987060547e-02
1.357820034027099609e-01
1.277991533279418945e-01
6.392383575439453125e-02
2.384558320045471191e-02
3.563255071640014648e-03
1.608440279960632324e-02
4.611182212829589844e-02
7.138431072235107422e-02
1.519687175750732422e-01
8.962714672088623047e-02
3.276666998863220215e-02
6.313666701316833496e-02
5.944174528121948242e-02
4.448175430297851562e-02
7.545289397239685059e-02
5.655605792999267578e-01
7.542312145233154297e-02
1.102605462074279785e-02
1.103409826755523682e-01
1.104555130004882812e-01
6.211352348327636719e-02
8.432424068450927734e-02
2.768367528915405273e-03
1.067521572113037109e-01
5.954450368881225586e-02
2.896565198898315430e-02
7.081484794616699219e-02
-7.148772478103637695e-03
2.057471871376037598e-02
5.934143066406250000e-02
2.133785486221313477e-01
4.742005467414855957e-02
6.033003330230712891e-03
5.001997947692871094e-02
1.315324306488037109e-01
-2.502995729446411133e-02
-2.597722411155700684e-02
-2.588641643524169922e-02
-2.500885725021362305e-02
-2.323445677757263184e-02
5.839580297470092773e-02
4.937911033630371094e-02
1.285612583160400391e-01
1.543320715427398682e-02
9.953916072845458984e-03
-5.297350883483886719e-02
1.421675086021423340e-01
8.991551399230957031e-02
2.676036953926086426e-02
-4.250764846801757812e-02
4.545772075653076172e-02
8.669114112854003906e-02
9.573322534561157227e-02
-6.235218048095703125e-02
1.101369857788085938e-01
1.757702231407165527e-01
4.329919815063476562e-02
2.166288048028945923e-01
1.660341024398803711e-01
5.771529674530029297e-02
5.119216442108154297e-02
5.912452936172485352e-03
4.367551207542419434e-02
2.151027321815490723e-02
4.136335849761962891e-02
5.350053310394287109e-03
5.190014839172363281e-03
5.040675401687622070e-03
4.788064956665039062e-02
7.907530665397644043e-02
1.089853644371032715e-01
2.544593811035156250e-02
4.133969545364379883e-03
3.959625959396362305e-03
1.313564181327819824e-02
3.631204366683959961e-03
3.462702035903930664e-03
2.657639980316162109e-02
2.860971689224243164e-01
3.902463912963867188e-01
-1.137933135032653809e-02
3.230798244476318359e-02
-1.385894417762756348e-02
3.071346879005432129e-01
3.030647039413452148e-01
5.386981368064880371e-02
7.524800300598144531e-02
1.763578057289123535e-01
-2.417922019958496094e-03
5.852574110031127930e-02
7.854402065277099609e-02
6.248754262924194336e-02
-2.465814352035522461e-03
6.304800510406494141e-03
6.182071566581726074e-02
-1.406371593475341797e-04
-2.105456590652465820e-02
2.205795645713806152e-01
6.987670063972473145e-02
6.930992007255554199e-02
6.851673126220703125e-02
3.965556621551513672e-03
1.918146014213562012e-02
3.381153345108032227e-01
3.342227339744567871e-01
3.271238803863525391e-01
-6.680816411972045898e-03
-5.510330200195312500e-03
4.727467894554138184e-03
-4.369676113128662109e-03
-2.432912588119506836e-03
6.055688858032226562e-02
-5.095601081848144531e-04
1.689410209655761719e-02
2.785593271255493164e-03
5.490043759346008301e-02
7.298135757446289062e-02
7.960742712020874023e-02
-2.427428960800170898e-03
1.884043216705322266e-02
6.463238596916198730e-02
-5.352005362510681152e-03
-5.081921815872192383e-03
8.591657280921936035e-01
6.521341204643249512e-02
3.881783485412597656e-01
6.491875648498535156e-02
-2.951860427856445312e-02
-1.084893941879272461e-02
-6.492301821708679199e-03
2.178575992584228516e-01
1.175219118595123291e-01
1.367450356483459473e-01
1.175031065940856934e-01
-1.472496986389160156e-02
2.857589721679687500e-02
9.381881356239318848e-02
1.077991724014282227e-02
1.796525716781616211e-02
5.276441574096679688e-03
3.101229667663574219e-03
5.075429677963256836e-01
7.329905033111572266e-01
3.594720363616943359e-02
4.948401451110839844e-02
8.997342586517333984e-01
2.401587367057800293e-02
4.179739952087402344e-02
3.427278995513916016e-01
2.900607585906982422e-01
-8.752703666687011719e-03
1.286518573760986328e-02
2.337312698364257812e-02
1.452463865280151367e-02
4.198998212814331055e-02
8.930361270904541016e-02
1.091206073760986328e-01
-3.727972507476806641e-03
9.223031997680664062e-02
1.776283979415893555e-02
-2.752017974853515625e-02
3.545558452606201172e-02
4.671299457550048828e-02
3.024029731750488281e-02
1.058626174926757812e-02
1.995533704757690430e-03
9.164628386497497559e-02
1.171259284019470215e-01
2.073235511779785156e-01
1.662952899932861328e-01
6.502717733383178711e-02
8.340859413146972656e-02
9.245586395263671875e-02
1.344684958457946777e-01
1.552445590496063232e-01
8.702639341354370117e-01
5.583512783050537109e-02
7.857470512390136719e-01
1.122933626174926758e-02
2.421766519546508789e-03
1.271923780441284180e-01
6.932258605957031250e-02
-1.190590858459472656e-02
1.145606040954589844e-01
1.936471462249755859e-02
1.897454261779785156e-02
6.484079360961914062e-02
1.162052750587463379e-01
6.685301661491394043e-02
4.082965850830078125e-02
7.398962974548339844e-03
1.126097291707992554e-01
1.592209339141845703e-01
1.192582845687866211e-01
6.126165390014648438e-03
7.736951112747192383e-02
1.600152254104614258e-01
1.068624258041381836e-01
3.868162631988525391e-02
4.168909788131713867e-02
1.409887075424194336e-01
1.258516311645507812e-01
1.174322962760925293e-01
1.207715272903442383e-01
-1.932588219642639160e-02
7.948622107505798340e-02
-4.379215836524963379e-02
8.545634150505065918e-02
-4.339778423309326172e-02
1.463046669960021973e-01
1.087141036987304688e-01
1.154006570577621460e-01
3.463121652603149414e-01
2.117169350385665894e-01
3.276024460792541504e-01
3.431104719638824463e-01
9.040725231170654297e-02
6.435072422027587891e-02
3.762590885162353516e-02
1.259243488311767578e-02
-8.691787719726562500e-03
-2.457225322723388672e-02
3.348246216773986816e-03
-1.040726900100708008e-03
-3.508299589157104492e-03
-4.229903221130371094e-03
-4.089683294296264648e-03
-3.791540861129760742e-03
-4.284232854843139648e-03
-3.208667039871215820e-03
-3.553807735443115234e-03
-5.861461162567138672e-03
2.414926886558532715e-03
2.305805683135986328e-04
9.710609912872314453e-03
-2.575755119323730469e-03
-4.419833421707153320e-03
-3.447681665420532227e-03
-3.049820661544799805e-03
-2.649426460266113281e-03
4.491618275642395020e-02
-1.509815454483032227e-03
-4.423558712005615234e-03
-2.318590879440307617e-03
-1.595497131347656250e-03
9.324088692665100098e-02
-4.596620798110961914e-03
-3.015905618667602539e-03
2.196899056434631348e-02
-4.581898450851440430e-03
-3.316789865493774414e-03
3.519803285598754883e-03
-3.268897533416748047e-03
-4.425495862960815430e-03
2.634153366088867188e-01
-4.770129919052124023e-03
3.781318664550781250e-03
-4.695415496826171875e-03
-7.970333099365234375e-04
2.456542104482650757e-01
-4.825890064239501953e-03
3.203064203262329102e-03
1.415100991725921631e-01
-3.007918596267700195e-03
2.047591209411621094e-01
-4.544347524642944336e-03
-3.203749656677246094e-05
1.317656934261322021e-01
-4.844516515731811523e-03
7.893259823322296143e-02
1.857249736785888672e-01
-4.950702190399169922e-03
-1.274794340133666992e-04
1.209945976734161377e-01
-4.051119089126586914e-03
-3.349304199218750000e-03
3.826066851615905762e-02
-5.090683698654174805e-03
-3.080189228057861328e-03
1.102195978164672852e-01
1.921986639499664307e-01
-5.178034305572509766e-03
9.013712406158447266e-05
2.242261171340942383e-01
8.779215812683105469e-02
-5.384564399719238281e-03
-8.863061666488647461e-04
1.307876706123352051e-01
1.281952857971191406e-01
-5.364537239074707031e-03
-5.028814077377319336e-03
8.660513162612915039e-02
2.229417562484741211e-01
-5.499720573425292969e-03
-1.672551035881042480e-03
1.237950772047042847e-01
2.001530528068542480e-01
7.919855415821075439e-02
-5.497157573699951172e-03
-1.419737935066223145e-03
1.346302032470703125e-02
2.236808538436889648e-01
-6.491959095001220703e-03
-5.777448415756225586e-03
9.337848424911499023e-02
2.210886031389236450e-01
9.869377315044403076e-02
-5.806595087051391602e-03
1.250765770673751831e-01
1.457709372043609619e-01
7.680296897888183594e-02
-7.436513900756835938e-03
-1.228973269462585449e-03
1.305280029773712158e-01
2.235608547925949097e-01
-5.715370178222656250e-03
-2.002641558647155762e-03
1.063657402992248535e-01
1.908167898654937744e-01
1.153783649206161499e-01
-1.094585657119750977e-02
8.360412716865539551e-02
8.963671326637268066e-02
2.196167111396789551e-01
5.538612604141235352e-03
-1.569941639900207520e-03
1.340721696615219116e-01
2.046832144260406494e-01
5.968703329563140869e-02
-1.121690869331359863e-02
-6.605088710784912109e-03
1.557011008262634277e-01
2.124368548393249512e-01
2.159820795059204102e-01
1.773450672626495361e-01
-3.413587808609008789e-03
1.517693698406219482e-01
6.851851940155029297e-02
1.181950718164443970e-01
9.674869477748870850e-02
-9.433507919311523438e-03
8.462366461753845215e-02
1.271914839744567871e-01
2.285392880439758301e-01
1.879150271415710449e-01
1.284540891647338867e-01
-4.092305898666381836e-03
8.083891868591308594e-02
1.181454956531524658e-01
3.789706528186798096e-02
2.038624286651611328e-01
-1.606193184852600098e-02
-5.189657211303710938e-03
7.424771785736083984e-02
7.423841953277587891e-02
3.769512474536895752e-02
1.369804143905639648e-02
-1.720583438873291016e-02
-6.332993507385253906e-03
7.334223389625549316e-02
1.150656640529632568e-01
1.861035078763961792e-01
1.101832538843154907e-01
1.278688907623291016e-01
-6.240725517272949219e-03
1.322904229164123535e-01
1.083645224571228027e-01
1.609111279249191284e-01
3.010725975036621094e-02
-1.741757988929748535e-02
-6.571322679519653320e-03
1.054378896951675415e-01
8.031308650970458984e-02
1.033415645360946655e-02
2.336156666278839111e-01
-2.183794975280761719e-03
-1.980534195899963379e-02
1.227810978889465332e-01
1.920044571161270142e-01
2.255312800407409668e-01
3.528838157653808594e-01
-1.185104250907897949e-03
-7.883906364440917969e-04
8.162653446197509766e-02
8.200116455554962158e-02
6.730639934539794922e-02
6.223437190055847168e-02
-7.153272628784179688e-03
1.093357205390930176e-01
1.631816476583480835e-01
2.853511273860931396e-02
2.739964127540588379e-01
-4.985392093658447266e-03
-2.218392491340637207e-02
8.005571365356445312e-02
1.811498105525970459e-01
2.012661546468734741e-01
3.101777732372283936e-01
-7.316917181015014648e-03
-2.284508943557739258e-02
8.243393898010253906e-02
1.401725858449935913e-01
3.361941874027252197e-02
6.785334646701812744e-02
1.468594372272491455e-01
-9.346425533294677734e-03
1.630315482616424561e-01
2.285715192556381226e-01
3.016526252031326294e-02
8.387078344821929932e-02
3.084474802017211914e-01
-6.401449441909790039e-03
4.306733608245849609e-04
1.091961860656738281e-01
4.367205500602722168e-02
1.548926532268524170e-01
4.568530321121215820e-01
-5.305707454681396484e-03
-2.667018771171569824e-02
9.379673004150390625e-02
1.376824975013732910e-01
9.903323650360107422e-02
8.453135192394256592e-02
4.572537243366241455e-01
-4.402190446853637695e-03
6.478130817413330078e-04
1.072440147399902344e-01
7.618024945259094238e-02
2.142587602138519287e-01
1.454659700393676758e-01
1.348445713520050049e-01
-1.720720529556274414e-02
9.736269712448120117e-04
1.103178858757019043e-01
1.137834265828132629e-01
9.562866389751434326e-02
7.767856121063232422e-03
3.206068277359008789e-01
-7.197588682174682617e-03
1.304209232330322266e-03
1.910539865493774414e-01
1.719253063201904297e-01
1.360622942447662354e-01
1.659778058528900146e-01
7.649266719818115234e-02
4.216516017913818359e-01
-2.412480115890502930e-02
6.219610571861267090e-03
1.274604201316833496e-01
2.098591327667236328e-01
1.560186147689819336e-01
1.135940775275230408e-01
9.880575537681579590e-02
3.669871091842651367e-01
-1.726529002189636230e-02
5.651935935020446777e-03
2.055836617946624756e-01
1.005029678344726562e-01
1.490308046340942383e-01
-2.401769161224365234e-04
1.457721292972564697e-01
3.512566983699798584e-01
3.249460458755493164e-02
5.778715014457702637e-03
2.105511128902435303e-01
1.091125011444091797e-01
1.486998796463012695e-01
6.563588976860046387e-04
1.872636973857879639e-01
4.419346451759338379e-01
-2.067691087722778320e-02
1.589250564575195312e-02
1.295179128646850586e-01
2.274635136127471924e-01
1.559549570083618164e-01
1.220722198486328125e-01
7.097890973091125488e-02
-2.357721328735351562e-03
-9.968400001525878906e-03
2.651796936988830566e-01
1.304785013198852539e-01
1.589517295360565186e-01
1.449816972017288208e-01
1.527662277221679688e-01
6.241722404956817627e-02
1.201459169387817383e-01
3.531551957130432129e-01
-1.673045754432678223e-02
5.158975720405578613e-02
2.122715115547180176e-03
1.230947971343994141e-01
7.741399109363555908e-02
1.519837379455566406e-01
1.153571009635925293e-01
1.714920103549957275e-01
-2.492301166057586670e-03
2.359122037887573242e-03
1.154307126998901367e-01
1.006036996841430664e-03
2.073443830013275146e-01
1.178075671195983887e-01
1.504008173942565918e-01
5.844302475452423096e-02
1.083877086639404297e-01
1.817306578159332275e-01
-1.148241758346557617e-02
2.827227711677551270e-01
1.659570336341857910e-01
2.340087443590164185e-01
5.143281817436218262e-02
1.413120627403259277e-01
6.103327870368957520e-02
2.041535973548889160e-01
1.527196615934371948e-01
1.127208769321441650e-02
5.933046340942382812e-04
1.548215746879577637e-01
1.005274206399917603e-01
1.135618388652801514e-01
1.053291559219360352e-01
2.342718094587326050e-02
2.361898720264434814e-01
-6.671041250228881836e-03
5.246610939502716064e-02
1.771017909049987793e-01
5.261380970478057861e-02
1.476925909519195557e-01
1.048606634140014648e-01
5.160607397556304932e-02
6.948894262313842773e-02
6.894604116678237915e-02
1.166373491287231445e-03
5.136184394359588623e-02
1.022035479545593262e-01
1.030635833740234375e-01
5.970370769500732422e-02
2.216024398803710938e-01
-5.081176757812500000e-03
2.178265154361724854e-02
1.339371800422668457e-01
6.850375235080718994e-02
1.352630853652954102e-01
5.900674313306808472e-02
1.794519126415252686e-01
1.014859974384307861e-02
3.929895907640457153e-02
1.647117137908935547e-01
5.684145539999008179e-02
1.238181591033935547e-01
1.918165683746337891e-01
2.136140167713165283e-01
3.243289887905120850e-02
-4.687555134296417236e-03
1.381844878196716309e-01
4.260888695716857910e-02
1.429902315139770508e-01
9.371882677078247070e-02
1.699436604976654053e-01
2.388595938682556152e-01
6.841053068637847900e-02
1.817204952239990234e-01
7.596194744110107422e-02
1.394647955894470215e-01
9.153831005096435547e-02
2.095136642456054688e-01
-2.594432421028614044e-02
5.360981076955795288e-02
6.329485774040222168e-02
8.979135751724243164e-02
1.240356266498565674e-01
9.474200010299682617e-02
4.658240079879760742e-02
2.640833854675292969e-01
1.000463962554931641e-02
7.138843536376953125e-01
1.169888973236083984e-01
6.555238366127014160e-02
1.137111186981201172e-01
8.903229236602783203e-02
1.271613836288452148e-01
-1.419965922832489014e-02
1.856699585914611816e-03
4.293352365493774414e-03
2.290268838405609131e-01
4.516255855560302734e-02
1.119217872619628906e-01
8.034974336624145508e-02
2.104952335357666016e-01
1.183664500713348389e-01
-2.852365374565124512e-03
-3.612597286701202393e-02
6.836256980895996094e-01
1.066457033157348633e-01
5.304774641990661621e-02
1.256813704967498779e-01
9.894835948944091797e-02
8.244669437408447266e-02
4.980470240116119385e-02
2.268332242965698242e-01
-4.197686910629272461e-03
-3.308853879570960999e-02
8.638970851898193359e-01
2.062520682811737061e-01
4.407800734043121338e-02
1.188614368438720703e-01
1.026722192764282227e-01
8.104813098907470703e-02
2.775478363037109375e-01
2.480852007865905762e-01
1.713554561138153076e-02
-3.945942968130111694e-02
9.488871097564697266e-01
9.768825769424438477e-02
1.124357879161834717e-01
1.091905236244201660e-01
1.042487621307373047e-01
7.800012826919555664e-02
7.175076007843017578e-02
2.418600320816040039e-01
2.171189785003662109e-01
-2.521848678588867188e-02
-2.723483927547931671e-02
1.778633892536163330e-01
1.589793562889099121e-01
5.872817337512969971e-02
1.058822274208068848e-01
1.031550168991088867e-01
9.056788682937622070e-02
7.115584611892700195e-02
2.154552042484283447e-01
2.166675329208374023e-01
3.041274845600128174e-02
-2.030521817505359650e-02
9.658500552177429199e-02
1.924823522567749023e-01
6.977425515651702881e-02
4.475066065788269043e-02
1.026484966278076172e-01
7.386791706085205078e-02
7.041293382644653320e-02
2.002525925636291504e-01
4.818974435329437256e-02
2.926079928874969482e-02
-4.032669216394424438e-02
5.076654553413391113e-01
2.203075587749481201e-01
1.006661653518676758e-01
1.028754115104675293e-01
8.339643478393554688e-02
7.178169488906860352e-02
2.169957160949707031e-01
2.059731483459472656e-01
2.636093646287918091e-02
-3.527602553367614746e-02
4.038278460502624512e-01
2.009488940238952637e-01
5.239999294281005859e-02
4.405221343040466309e-02
1.017728447914123535e-01
7.074856758117675781e-02
8.555829524993896484e-02
1.483048796653747559e-01
3.180883824825286865e-03
-2.965348958969116211e-02
4.168408215045928955e-01
2.210426926612854004e-01
7.365696877241134644e-02
4.555290937423706055e-02
1.012817025184631348e-01
6.995093822479248047e-02
7.953339815139770508e-02
2.505744397640228271e-01
7.113191485404968262e-02
-1.984003186225891113e-02
7.026433944702148438e-03
6.473660469055175781e-04
6.598185002803802490e-02
1.037847995758056641e-01
1.006857156753540039e-01
7.118296623229980469e-02
6.923162937164306641e-02
2.370167970657348633e-01
6.025792658329010010e-02
-3.675878047943115234e-03
7.513776421546936035e-03
1.005819290876388550e-01
1.029518246650695801e-02
6.030993163585662842e-02
6.581988930702209473e-02
1.003423333168029785e-01
6.837481260299682617e-02
6.953853368759155273e-02
2.510544955730438232e-01
6.733262538909912109e-02
-3.434896469116210938e-03
-1.847793161869049072e-02
3.792345523834228516e-04
2.156976163387298584e-01
4.055027663707733154e-02
9.956288337707519531e-02
7.714754343032836914e-02
6.755477190017700195e-02
7.691729068756103516e-02
2.624528408050537109e-01
1.197102963924407959e-01
1.083344221115112305e-03
-1.303093135356903076e-02
1.070529222488403320e-03
1.969574391841888428e-01
4.088234901428222656e-02
6.593242287635803223e-02
7.112526893615722656e-02
6.697416305541992188e-02
6.992089748382568359e-02
1.765220761299133301e-01
2.600719928741455078e-01
-6.451398134231567383e-03
-6.998345255851745605e-03
8.127391338348388672e-04
6.661295890808105469e-03
4.222244024276733398e-02
5.292755365371704102e-02
1.011286377906799316e-01
6.672751903533935547e-02
6.872004270553588867e-02
6.125926971435546875e-02
1.073516607284545898e-01
7.287757098674774170e-02
3.383308649063110352e-05
-1.000642776489257812e-03
1.050147414207458496e-02
1.938874721527099609e-01
9.448528289794921875e-02
8.831435441970825195e-02
6.898003816604614258e-02
6.636524200439453125e-02
6.955015659332275391e-02
1.724576950073242188e-01
1.674313843250274658e-01
1.008819043636322021e-02
-4.758238792419433594e-03
9.338617324829101562e-03
-1.892507076263427734e-02
3.324112296104431152e-02
8.488142490386962891e-02
8.678662776947021484e-02
7.140141725540161133e-02
6.520944833755493164e-02
6.975144147872924805e-02
2.576024532318115234e-01
1.767017841339111328e-01
1.617735624313354492e-02
3.264293074607849121e-03
4.915893077850341797e-03
1.076827794313430786e-01
3.910052776336669922e-02
1.004147529602050781e-01
9.707212448120117188e-02
6.624019145965576172e-02
6.652379035949707031e-02
1.366566717624664307e-01
1.981713473796844482e-01
6.851628422737121582e-03
2.732630074024200439e-02
1.624554395675659180e-03
6.719827651977539062e-04
2.975925803184509277e-02
7.741516828536987305e-02
9.957778453826904297e-02
6.735098361968994141e-02
6.468486785888671875e-02
6.909769773483276367e-02
9.124350547790527344e-02
1.524308919906616211e-01
1.473174691200256348e-01
8.919388055801391602e-04
6.866782903671264648e-03
3.568735718727111816e-02
7.460868358612060547e-02
9.968841075897216797e-02
7.123887538909912109e-02
6.391191482543945312e-02
6.741017103195190430e-02
2.956349849700927734e-01
1.245002746582031250e-01
4.274573922157287598e-02
8.390530943870544434e-03
1.293420791625976562e-03
1.441364884376525879e-01
7.457441091537475586e-02
9.816795587539672852e-02
7.658219337463378906e-02
6.316626071929931641e-02
6.552612781524658203e-02
1.922929584980010986e-01
1.973104476928710938e-01
5.042374134063720703e-02
8.656516671180725098e-03
5.509525537490844727e-03
1.355171501636505127e-01
6.566667556762695312e-02
1.046889424324035645e-01
7.485204935073852539e-02
6.251722574234008789e-02
6.577569246292114258e-02
3.214377164840698242e-01
9.413084387779235840e-02
2.219277620315551758e-02
4.263466596603393555e-02
9.837305545806884766e-02
6.966936588287353516e-02
1.074999570846557617e-01
7.718825340270996094e-02
6.245261430740356445e-02
6.680464744567871094e-02
3.668966293334960938e-01
1.510530710220336914e-01
5.025571584701538086e-02
1.163682341575622559e-02
2.335974574089050293e-02
6.411343812942504883e-02
1.123535633087158203e-01
7.671952247619628906e-02
6.180572509765625000e-02
1.897690594196319580e-01
3.494763374328613281e-01
2.155540585517883301e-01
9.749189019203186035e-03
1.708269119262695312e-02
2.587276697158813477e-02
1.002398729324340820e-01
1.016932129859924316e-01
6.920993328094482422e-02
6.080961227416992188e-02
1.450028121471405029e-01
4.435330629348754883e-01
3.620549738407135010e-01
1.275464892387390137e-03
2.515587210655212402e-02
5.624127388000488281e-02
1.081321835517883301e-01
9.253728389739990234e-02
6.399810314178466797e-02
6.463783979415893555e-02
2.551730871200561523e-01
5.034705400466918945e-01
4.863413274288177490e-01
2.109169960021972656e-03
2.051886916160583496e-02
2.556130290031433105e-02
1.087951660156250000e-01
8.124107122421264648e-02
6.304925680160522461e-02
6.468492746353149414e-02
1.918190121650695801e-01
5.428473353385925293e-01
7.229975461959838867e-01
1.623749732971191406e-03
1.319378614425659180e-02
2.548742294311523438e-02
5.011087656021118164e-02
7.815319299697875977e-02
6.109160184860229492e-02
6.511306762695312500e-02
3.365380764007568359e-01
1.329297721385955811e-01
1.010238647460937500e+00
6.649494171142578125e-03
4.169693589210510254e-02
2.484786510467529297e-02
3.961807489395141602e-02
8.290898799896240234e-02
6.025701761245727539e-02
6.356859207153320312e-02
1.802219748497009277e-01
6.065634489059448242e-01
2.635412216186523438e-01
3.816085755825042725e-01
3.504616022109985352e-02
8.819788694381713867e-03
8.702749013900756836e-02
1.238856911659240723e-01
6.530833244323730469e-02
5.888414382934570312e-02
2.202299833297729492e-01
6.008930206298828125e-01
9.443980455398559570e-02
8.339295387268066406e-01
2.031219005584716797e-02
4.212981462478637695e-02
8.287936449050903320e-03
4.910701513290405273e-02
1.238712668418884277e-01
5.914366245269775391e-02
6.443130970001220703e-02
4.964707493782043457e-01
5.225625634193420410e-02
7.421609759330749512e-01
4.233285784721374512e-02
4.829645156860351562e-03
5.377197265625000000e-02
9.476554393768310547e-02
1.267494559288024902e-01
7.043039798736572266e-02
5.876517295837402344e-02
1.969177126884460449e-01
1.118999123573303223e-01
3.235139548778533936e-01
8.495439291000366211e-01
9.522855281829833984e-03
5.921608209609985352e-02
8.693015575408935547e-02
1.344888806343078613e-01
6.947380304336547852e-02
5.758231878280639648e-02
3.019497692584991455e-01
5.602663755416870117e-01
4.957786798477172852e-01
7.902098894119262695e-01
-2.462446689605712891e-03
7.303768396377563477e-02
1.083636283874511719e-01
1.369878053665161133e-01
5.699723958969116211e-02
5.800157785415649414e-02
2.864168882369995117e-01
1.583227813243865967e-01
4.484391212463378906e-01
5.399793982505798340e-01
9.602107107639312744e-02
4.322478175163269043e-02
6.001630425453186035e-02
9.371644258499145508e-02
6.429231166839599609e-02
5.671709775924682617e-02
6.195890903472900391e-02
1.666620373725891113e-01
3.670075535774230957e-02
2.574629187583923340e-01
2.911400496959686279e-01
4.648914933204650879e-02
1.122820377349853516e-01
1.344833374023437500e-01
6.495594978332519531e-02
5.618470907211303711e-02
6.105619668960571289e-02
2.115727365016937256e-01
7.690349221229553223e-02
1.633816957473754883e-01
5.798310041427612305e-03
3.427499532699584961e-02
8.061822056770324707e-01
1.259852051734924316e-01
1.344289779663085938e-01
5.629611015319824219e-02
5.832177400588989258e-02
4.271799921989440918e-01
1.871331930160522461e-01
9.675604104995727539e-02
6.749978661537170410e-02
3.157502412796020508e-02
8.381784558296203613e-01
1.495942473411560059e-01
1.209669113159179688e-01
5.536246299743652344e-02
5.745512247085571289e-02
4.283691346645355225e-01
1.381975412368774414e-02
1.726555526256561279e-01
1.419507861137390137e-01
5.486572980880737305e-01
8.305200338363647461e-01
1.519892215728759766e-01
1.514727473258972168e-01
6.617832183837890625e-02
5.427646636962890625e-02
5.944931507110595703e-02
1.573269665241241455e-01
1.058138012886047363e-01
1.697552800178527832e-01
1.024742424488067627e-02
5.251830816268920898e-01
1.949905157089233398e-01
1.158188581466674805e-01
9.396696090698242188e-02
6.369698047637939453e-02
5.388200283050537109e-02
3.686913847923278809e-01
4.854246973991394043e-02
1.029563099145889282e-01
2.364903688430786133e-02
-6.193831562995910645e-03
9.300242662429809570e-01
2.075303792953491211e-01
1.405045986175537109e-01
8.523952960968017578e-02
7.364386320114135742e-02
5.350273847579956055e-02
5.970799922943115234e-02
2.783348262310028076e-01
7.838982343673706055e-02
7.409483194351196289e-02
-2.796620130538940430e-03
2.547448873519897461e-02
1.430782377719879150e-01
1.181828379631042480e-01
1.307196021080017090e-01
1.201249957084655762e-01
5.388039350509643555e-02
5.514711141586303711e-02
4.269520938396453857e-01
-1.577736437320709229e-02
-6.573975086212158203e-03
-3.705978393554687500e-03
-1.458269357681274414e-02
5.665964484214782715e-01
4.141449928283691406e-03
1.557571887969970703e-01
1.425470709800720215e-01
6.497204303741455078e-02
5.281341075897216797e-02
5.690377950668334961e-02
5.331856012344360352e-01
1.367160677909851074e-01
-8.142560720443725586e-03
-1.449909806251525879e-02
1.465362310409545898e-02
6.774957180023193359e-01
1.068538427352905273e-01
1.215345859527587891e-01
8.627003431320190430e-02
5.804193019866943359e-02
5.321037769317626953e-02
4.499990344047546387e-01
-5.403295159339904785e-03
-2.708742022514343262e-02
-1.815544068813323975e-02
-5.475968122482299805e-03
1.351118087768554688e-03
1.090589761734008789e-01
1.579886674880981445e-01
1.236453056335449219e-01
5.586457252502441406e-02
5.248075723648071289e-02
1.932637691497802734e-01
-3.535358607769012451e-02
-2.572399377822875977e-02
-1.958546042442321777e-02
-7.828265428543090820e-03
4.664367437362670898e-02
9.526306390762329102e-02
1.414691209793090820e-01
1.334023475646972656e-01
9.626209735870361328e-02
5.331963300704956055e-02
5.481845140457153320e-02
4.645269215106964111e-01
1.641897559165954590e-01
1.514485478401184082e-02
2.414527535438537598e-02
2.039855718612670898e-02
5.365377664566040039e-02
1.654621958732604980e-01
1.556177139282226562e-01
1.177204251289367676e-01
6.069254875183105469e-02
5.111694335937500000e-02
2.169699072837829590e-01
-2.568895369768142700e-02
-3.171877562999725342e-02
-1.502799987792968750e-02
8.077323436737060547e-04
3.007543087005615234e-02
1.509149074554443359e-01
9.243381023406982422e-02
1.542787551879882812e-01
9.844982624053955078e-02
5.401313304901123047e-02
5.185842514038085938e-02
5.177278518676757812e-01
4.799064993858337402e-02
9.542614221572875977e-03
-2.834042906761169434e-02
-1.284569501876831055e-03
1.081901788711547852e-02
-1.479655504226684570e-02
1.045718193054199219e-01
1.091012358665466309e-01
1.035362482070922852e-01
5.192029476165771484e-02
5.237680673599243164e-02
3.807727396488189697e-01
2.037307620048522949e-02
2.012270689010620117e-02
-8.880555629730224609e-03
1.033061742782592773e-02
-1.669639348983764648e-02
2.754852175712585449e-02
8.351516723632812500e-02
1.286888122558593750e-01
7.527172565460205078e-02
5.022096633911132812e-02
5.393540859222412109e-02
-4.254589974880218506e-02
-2.812519669532775879e-03
1.027086377143859863e-02
1.534175872802734375e-02
1.444447040557861328e-02
3.376239836215972900e-01
5.988395214080810547e-02
1.449375152587890625e-01
1.361981630325317383e-01
6.074452400207519531e-02
5.023622512817382812e-02
4.117943942546844482e-01
2.933770418167114258e-02
-2.549564838409423828e-02
-2.347439527511596680e-02
6.033062934875488281e-03
-2.100315690040588379e-02
-2.113905549049377441e-02
3.888547420501708984e-02
1.468938589096069336e-01
6.325101852416992188e-02
4.968667030334472656e-02
2.283030748367309570e-02
3.532947599887847900e-02
-7.323518395423889160e-03
-8.542805910110473633e-03
5.674511194229125977e-03
-2.083683013916015625e-02
-2.155160903930664062e-02
6.286919116973876953e-02
1.427788734436035156e-01
1.199445724487304688e-01
4.911810159683227539e-02
1.455298066139221191e-01
-3.664813935756683350e-02
-2.749145030975341797e-02
7.863759994506835938e-03
1.054105162620544434e-02
4.043316841125488281e-02
-2.124735713005065918e-02
2.171719074249267578e-02
1.420317888259887695e-01
6.388306617736816406e-02
4.875969886779785156e-02
8.048617839813232422e-02
4.483497142791748047e-02
-2.334399521350860596e-02
3.431022167205810547e-03
-1.415193080902099609e-03
1.775404810905456543e-01
7.007962465286254883e-02
2.990317344665527344e-02
1.417653560638427734e-01
8.479261398315429688e-02
5.005007982254028320e-02
1.746435761451721191e-01
3.192645311355590820e-02
8.316755294799804688e-03
9.943306446075439453e-03
3.319200873374938965e-02
-2.721843123435974121e-02
-3.512859344482421875e-03
1.350681781768798828e-01
6.854760646820068359e-02
4.874253273010253906e-02
8.849483728408813477e-02
-3.922966122627258301e-02
1.071786880493164062e-02
9.905338287353515625e-03
1.192283630371093750e-02
4.133802056312561035e-01
-1.532316207885742188e-02
1.304218769073486328e-01
6.823754310607910156e-02
4.855275154113769531e-02
7.964020967483520508e-02
5.494599044322967529e-02
1.284384727478027344e-02
9.674876928329467773e-03
7.297441363334655762e-02
-1.689991354942321777e-02
-9.690046310424804688e-03
1.375769376754760742e-01
7.690536975860595703e-02
5.007070302963256836e-02
8.700144290924072266e-02
-4.209388792514801025e-02
7.950216531753540039e-03
-1.717936992645263672e-02
2.666320800781250000e-01
6.803797483444213867e-01
3.702032566070556641e-02
9.500551223754882812e-02
4.741835594177246094e-02
-1.050949096679687500e-02
-5.617065727710723877e-02
-1.388069987297058105e-02
1.270548999309539795e-02
-2.038618922233581543e-02
2.942279577255249023e-01
6.424725055694580078e-03
1.226049661636352539e-01
8.534693717956542969e-02
4.725432395935058594e-02
4.933840036392211914e-02
9.476166963577270508e-02
-1.352876424789428711e-04
8.698999881744384766e-03
4.743278026580810547e-03
-7.035702466964721680e-03
-4.842448234558105469e-02
1.367036104202270508e-01
6.720507144927978516e-02
4.858529567718505859e-02
-3.379830718040466309e-02
5.907328426837921143e-02
9.379327297210693359e-03
-1.564997434616088867e-02
5.233930349349975586e-01
3.823179006576538086e-01
8.779263496398925781e-02
8.686590194702148438e-02
4.765284061431884766e-02
1.027246862649917603e-01
1.160569638013839722e-01
1.001253724098205566e-02
3.317713737487792969e-03
7.014065980911254883e-03
-1.314151287078857422e-02
2.468860149383544922e-02
1.320248842239379883e-01
6.827414035797119141e-02
4.634630680084228516e-02
-4.987403750419616699e-02
8.334857225418090820e-02
1.120612025260925293e-02
6.880342960357666016e-03
1.425610184669494629e-01
7.967102527618408203e-02
1.033004522323608398e-01
8.350431919097900391e-02
5.152821540832519531e-02
4.671549797058105469e-02
-5.860733985900878906e-02
-3.509506583213806152e-03
-1.134240627288818359e-02
-3.400534391403198242e-03
9.027302265167236328e-03
1.594129204750061035e-02
-3.769624233245849609e-02
1.292463541030883789e-01
5.527126789093017578e-02
4.663276672363281250e-02
-1.638457179069519043e-02
6.686867773532867432e-02
1.355141401290893555e-02
-6.214261054992675781e-03
5.125552415847778320e-03
3.189632296562194824e-02
1.537612080574035645e-02
1.420139074325561523e-01
7.947981357574462891e-02
4.932308197021484375e-02
-6.281185150146484375e-02
1.760747879743576050e-01
6.088298559188842773e-02
4.697489738464355469e-02
-4.492431879043579102e-03
5.744963884353637695e-03
-3.250509500503540039e-03
5.261674523353576660e-02
1.436305642127990723e-01
8.645796775817871094e-02
6.401419639587402344e-02
4.563081264495849609e-02
-2.180519700050354004e-02
1.242163330316543579e-01
7.801100611686706543e-03
-7.626399397850036621e-03
8.671730756759643555e-03
2.765446901321411133e-02
7.757329940795898438e-02
4.123529791831970215e-02
1.445655226707458496e-01
9.210717678070068359e-02
5.563747882843017578e-02
4.576337337493896484e-02
2.269477248191833496e-01
5.434965342283248901e-02
2.260179221630096436e-01
9.703846275806427002e-02
-6.180018186569213867e-03
-1.153409481048583984e-02
4.274398088455200195e-03
4.227370023727416992e-02
1.083649992942810059e-01
1.341840028762817383e-01
7.150948047637939453e-02
4.807019233703613281e-02
2.446098029613494873e-01
-6.142139434814453125e-03
3.902068138122558594e-01
2.724871039390563965e-02
6.525188684463500977e-03
-1.275241374969482422e-04
8.466339111328125000e-02
1.169803738594055176e-02
1.483897566795349121e-01
8.051538467407226562e-02
5.130505561828613281e-02
-7.551121711730957031e-02
-3.605401515960693359e-02
4.702410399913787842e-01
2.339819669723510742e-01
7.093638181686401367e-03
-3.687083721160888672e-03
4.818409681320190430e-02
2.292290329933166504e-02
1.285552382469177246e-01
9.604775905609130859e-02
5.219900608062744141e-02
-7.706749439239501953e-02
-3.853094577789306641e-02
6.530149579048156738e-01
3.395369648933410645e-02
3.114539384841918945e-02
-7.505953311920166016e-03
-3.038048744201660156e-04
-4.026234149932861328e-03
1.333105564117431641e-01
7.154977321624755859e-02
4.946374893188476562e-02
2.580260634422302246e-01
-4.169142246246337891e-02
7.481331229209899902e-01
1.315122842788696289e-02
3.502327203750610352e-02
-7.602214813232421875e-03
-1.153865456581115723e-02
2.910882234573364258e-03
1.423145532608032227e-01
6.109297275543212891e-02
4.706490039825439453e-02
3.970265388488769531e-02
1.662985235452651978e-01
1.722353696823120117e-02
-1.801326870918273926e-03
-1.562616229057312012e-02
8.461087942123413086e-03
2.227041125297546387e-02
-1.424372196197509766e-02
1.370476484298706055e-01
5.792498588562011719e-02
4.507958889007568359e-02
3.214433789253234863e-02
1.184580326080322266e-01
1.222166419029235840e-02
6.026715040206909180e-03
-2.924740314483642578e-03
1.083633899688720703e-01
1.481762528419494629e-02
1.511037349700927734e-02
1.227555274963378906e-01
5.947434902191162109e-02
4.543507099151611328e-02
3.674530982971191406e-02
1.101131439208984375e-01
1.589035987854003906e-02
-2.677470445632934570e-03
-3.170162439346313477e-03
3.408023416996002197e-01
-1.379171013832092285e-02
1.261707544326782227e-01
1.008578538894653320e-01
5.284583568572998047e-02
-6.957328319549560547e-02
1.097857952117919922e-02
1.750174164772033691e-02
2.592816948890686035e-03
-6.088614463806152344e-05
3.756308555603027344e-02
-2.262869477272033691e-02
1.193657517433166504e-02
1.370932459831237793e-01
5.861544609069824219e-02
4.584443569183349609e-02
4.327690601348876953e-02
5.118741095066070557e-02
1.467898488044738770e-02
4.772543907165527344e-04
1.102885603904724121e-02
6.486773490905761719e-01
-1.521748304367065430e-02
1.070113182067871094e-01
1.198827028274536133e-01
6.043279170989990234e-02
4.457461833953857422e-02
4.470551013946533203e-02
3.878971934318542480e-02
9.944525361061096191e-02
-2.087950706481933594e-03
1.107403635978698730e-02
7.530152201652526855e-01
5.795925855636596680e-03
1.012439727783203125e-01
8.435690402984619141e-02
4.866361618041992188e-02
4.341220855712890625e-02
4.493582248687744141e-02
6.766288876533508301e-01
1.111531257629394531e-02
-3.723204135894775391e-04
1.144430041313171387e-02
1.009248793125152588e-01
4.652523994445800781e-02
1.072788834571838379e-01
1.238272190093994141e-01
5.005049705505371094e-02
4.378736019134521484e-02
1.076371595263481140e-01
6.042394042015075684e-02
1.484134793281555176e-02
-3.118366003036499023e-03
-8.024871349334716797e-04
7.740354537963867188e-02
5.852040052413940430e-01
7.211416959762573242e-03
1.184257864952087402e-01
5.303978919982910156e-02
4.433834552764892578e-02
5.897402763366699219e-02
1.645249128341674805e-02
1.592257618904113770e-02
-2.240329980850219727e-03
1.988790929317474365e-01
2.927875816822052002e-01
2.331894040107727051e-01
-6.189316511154174805e-03
9.814959764480590820e-02
1.244755387306213379e-01
4.464089870452880859e-02
1.002610921859741211e-01
3.783532977104187012e-02
4.519462585449218750e-02
1.636028289794921875e-03
-5.415529012680053711e-03
1.789975166320800781e-02
2.671584486961364746e-02
3.173528611660003662e-01
4.068970680236816406e-03
9.639060497283935547e-02
1.028456091880798340e-01
4.286587238311767578e-02
-3.287386894226074219e-02
4.006582498550415039e-02
3.337159752845764160e-02
1.346078515052795410e-02
-4.008084535598754883e-03
1.563945412635803223e-01
2.019609808921813965e-01
6.735838055610656738e-01
-2.002829313278198242e-02
3.692775964736938477e-03
1.144853830337524414e-01
1.178951859474182129e-01
4.279315471649169922e-02
8.431497216224670410e-02
-1.556873321533203125e-03
1.018482744693756104e-01
2.519881725311279297e-02
1.037853956222534180e-01
1.061537861824035645e-01
6.653267741203308105e-01
-1.865777373313903809e-02
5.039036273956298828e-03
1.151633858680725098e-01
1.152631640434265137e-01
4.202234745025634766e-02
6.665761023759841919e-02
4.792551696300506592e-02
-7.421791553497314453e-03
1.936420798301696777e-03
2.635177969932556152e-02
-1.102638244628906250e-02
7.700987458229064941e-01
4.696846008300781250e-03
1.133732795715332031e-01
9.938138723373413086e-02
4.107189178466796875e-02
3.133648633956909180e-02
4.859161376953125000e-02
1.179116964340209961e-02
1.111886799335479736e-01
-1.437076926231384277e-02
6.594831347465515137e-01
-1.365095376968383789e-02
1.929640769958496094e-03
8.668005466461181641e-02
4.085206985473632812e-02
3.997373580932617188e-02
1.283907890319824219e-02
6.611049175262451172e-04
5.133956670761108398e-02
1.631281822919845581e-01
-5.405902862548828125e-03
5.958447456359863281e-01
2.488493919372558594e-04
1.329675316810607910e-01
1.011905670166015625e-01
3.981256484985351562e-02
2.434724569320678711e-02
3.153705596923828125e-02
-1.564702391624450684e-02
1.620477139949798584e-01
-1.201748847961425781e-03
6.602767705917358398e-01
-4.677653312683105469e-03
1.578519344329833984e-01
1.085771322250366211e-01
3.947865962982177734e-02
2.007031440734863281e-02
-5.851387977600097656e-03
2.885733544826507568e-02
5.217993259429931641e-02
7.382699847221374512e-02
6.523498892784118652e-02
3.639966249465942383e-03
8.090466260910034180e-02
1.059833765029907227e-01
1.857692599296569824e-01
1.997268199920654297e-02
-9.127587080001831055e-03
4.913124442100524902e-02
7.321357727050781250e-02
1.109877824783325195e-01
1.341354846954345703e-02
8.425712585449218750e-04
7.936483621597290039e-02
1.055886149406433105e-01
1.917614340782165527e-01
4.255247116088867188e-02
-1.102590560913085938e-02
3.105649352073669434e-02
-1.212537288665771484e-03
1.188441514968872070e-01
-4.947185516357421875e-03
-4.723072052001953125e-04
7.691621780395507812e-02
1.013396978378295898e-01
3.520154953002929688e-02
2.470725774765014648e-02
1.852524578571319580e-01
-1.015828549861907959e-02
7.962054014205932617e-02
2.119069993495941162e-01
2.279525995254516602e-01
1.352035999298095703e-01
1.158010065555572510e-01
8.667796850204467773e-02
4.040575027465820312e-02
8.636832237243652344e-03
1.060619950294494629e-02
3.003141283988952637e-02
1.345650702714920044e-01
1.581118702888488770e-01
4.036211967468261719e-02
4.300326108932495117e-03
2.929806709289550781e-03
8.401086926460266113e-02
1.014029383659362793e-01
3.324270248413085938e-02
1.433598995208740234e-02
6.777003407478332520e-03
4.287424683570861816e-02
1.061401516199111938e-01
3.078490495681762695e-03
1.702636182308197021e-01
3.357648849487304688e-03
7.174506783485412598e-02
1.511607170104980469e-01
7.839548587799072266e-02
6.129252910614013672e-02
-6.713934242725372314e-03
9.420812129974365234e-04
2.722645923495292664e-02
3.131470084190368652e-02
5.924243330955505371e-01
6.152240037918090820e-01
2.150806784629821777e-02
2.430739998817443848e-02
-5.729198455810546875e-03
7.427892088890075684e-02
8.948975801467895508e-02
3.032493591308593750e-02
1.649134159088134766e-01
-9.624958038330078125e-04
7.688429951667785645e-02
-3.363877534866333008e-03
6.863281726837158203e-01
5.790443420410156250e-01
1.413932442665100098e-02
-9.300023317337036133e-03
2.951622009277343750e-04
9.711554646492004395e-02
9.532880783081054688e-02
3.075158596038818359e-02
5.573987960815429688e-03
-5.535900592803955078e-03
-1.795117370784282684e-02
1.277951896190643311e-01
1.358245313167572021e-02
2.100878953933715820e-02
7.728037238121032715e-02
6.026935577392578125e-02
-5.817085504531860352e-03
1.770594418048858643e-01
6.936380267143249512e-02
6.647217273712158203e-02
4.091908931732177734e-01
-1.531812548637390137e-02
-2.242458239197731018e-02
5.941721796989440918e-02
-1.979491114616394043e-02
8.081096410751342773e-01
5.166321992874145508e-01
2.671691775321960449e-02
3.396451473236083984e-03
-9.566873311996459961e-03
7.503417134284973145e-02
9.240376949310302734e-02
4.120664000511169434e-01
7.295203208923339844e-02
-1.413837075233459473e-02
1.080897450447082520e-02
4.342003762722015381e-01
-7.029697299003601074e-03
3.012297749519348145e-01
8.385777473449707031e-03
2.039051055908203125e-02
1.427933573722839355e-02
1.334786117076873779e-01
6.992858648300170898e-02
3.888952732086181641e-02
-1.552100479602813721e-02
-1.840454339981079102e-02
-2.027507126331329346e-02
1.025503873825073242e-01
-1.043458282947540283e-02
9.862758517265319824e-01
2.066190838813781738e-01
6.902396678924560547e-03
8.326172828674316406e-04
2.252776622772216797e-01
7.194650173187255859e-02
7.979702949523925781e-02
4.565089344978332520e-01
-3.429234027862548828e-03
2.101514488458633423e-02
4.843154549598693848e-02
2.146518975496292114e-01
2.326866984367370605e-02
8.344729244709014893e-02
1.654052734375000000e-02
2.885311841964721680e-03
-9.472012519836425781e-03
8.515274524688720703e-02
8.794021606445312500e-02
4.232160449028015137e-01
-9.842336177825927734e-03
1.674824953079223633e-02
3.772289156913757324e-01
-3.473623096942901611e-02
7.956423759460449219e-01
1.601416468620300293e-01
4.725456237792968750e-04
1.069873571395874023e-03
1.427019536495208740e-01
6.703305244445800781e-02
5.691552162170410156e-02
3.105018138885498047e-01
-1.676353812217712402e-02
2.821213006973266602e-02
1.225532591342926025e-01
9.426322579383850098e-02
4.048828780651092529e-01
5.965709686279296875e-03
2.837926149368286133e-03
-9.170234203338623047e-03
7.649618387222290039e-02
8.806997537612915039e-02
4.119709134101867676e-02
-1.910883188247680664e-02
1.562266647815704346e-01
6.648069620132446289e-01
7.500767707824707031e-02
3.503485023975372314e-02
3.426104784011840820e-03
2.738654613494873047e-03
-1.081669330596923828e-02
6.921783089637756348e-02
8.788096904754638672e-02
4.703462123870849609e-02
-2.033805847167968750e-02
1.799497008323669434e-01
7.533730268478393555e-01
9.211084246635437012e-02
3.268465399742126465e-02
3.460943698883056641e-04
2.025341987609863281e-02
-1.039454340934753418e-02
1.037573218345642090e-01
6.700140237808227539e-02
1.427248716354370117e-01
8.103191852569580078e-03
1.786757111549377441e-01
3.437665998935699463e-01
2.332454919815063477e-02
1.307344138622283936e-01
6.676045060157775879e-02
-1.520663499832153320e-03
2.229303121566772461e-03
-1.706123352050781250e-03
8.662408590316772461e-02
6.752055883407592773e-02
1.690911054611206055e-01
4.223663210868835449e-01
2.090434730052947998e-01
1.633726358413696289e-01
-4.795822501182556152e-02
8.822271227836608887e-02
-1.652061939239501953e-03
-4.572093486785888672e-03
-2.097845077514648438e-03
-2.883464097976684570e-03
7.897046208381652832e-02
7.520431280136108398e-02
1.909321546554565430e-01
5.054887533187866211e-01
2.186135947704315186e-01
5.087062120437622070e-01
-4.962375760078430176e-02
3.522367775440216064e-02
-2.197384834289550781e-03
-5.236715078353881836e-03
-3.625959157943725586e-03
-3.003299236297607422e-03
8.567860722541809082e-02
7.046830654144287109e-02
2.178996503353118896e-01
5.086138844490051270e-01
2.896400690078735352e-01
4.584836363792419434e-01
5.446282029151916504e-02
3.387978672981262207e-02
-5.123555660247802734e-03
1.542270183563232422e-03
-1.222893595695495605e-02
-3.641873598098754883e-03
8.190560340881347656e-02
6.604659557342529297e-02
2.158018052577972412e-01
4.025538563728332520e-01
3.232844173908233643e-01
4.637928307056427002e-01
2.334907054901123047e-01
1.692420244216918945e-02
-2.816706895828247070e-03
1.340955495834350586e-03
-1.236233115196228027e-02
-4.898339509963989258e-03
9.857875108718872070e-02
6.469345092773437500e-02
3.584204912185668945e-01
5.153604745864868164e-01
3.621270060539245605e-01
1.146159470081329346e-01
3.479921519756317139e-01
1.811788976192474365e-02
-2.730965614318847656e-03
1.139044761657714844e-03
-1.168119907379150391e-02
-4.888266324996948242e-03
9.418553113937377930e-02
6.371888518333435059e-02
2.511256337165832520e-01
6.277143955230712891e-02
4.165115058422088623e-01
7.357710599899291992e-02
2.752690315246582031e-01
1.174062490463256836e-02
-5.145817995071411133e-03
7.111430168151855469e-04
-1.196569204330444336e-02
-9.897083044052124023e-03
1.321263313293457031e-01
6.788042187690734863e-02
7.487893104553222656e-02
2.489051520824432373e-01
2.852857112884521484e-03
4.505179524421691895e-01
2.149701118469238281e-03
1.708580553531646729e-02
1.256580650806427002e-02
-4.798710346221923828e-03
8.626282215118408203e-04
-1.310276985168457031e-02
-5.358964204788208008e-03
1.306991279125213623e-01
6.785747408866882324e-02
7.135665416717529297e-02
3.763087391853332520e-01
4.992474913597106934e-01
4.183998107910156250e-01
9.170091152191162109e-02
2.846211791038513184e-01
7.986038923263549805e-03
-4.110246896743774414e-03
5.040168762207031250e-04
-1.344254612922668457e-02
-7.857918739318847656e-03
-3.576278686523437500e-06
7.010373473167419434e-02
6.540858745574951172e-02
2.052220702171325684e-01
1.401035785675048828e-01
3.218311071395874023e-02
9.901243448257446289e-02
1.662048101425170898e-01
8.255332708358764648e-03
-4.704236984252929688e-03
-7.125735282897949219e-05
-7.479995489120483398e-03
-3.166496753692626953e-03
1.059676110744476318e-01
6.278899312019348145e-02
3.161231577396392822e-01
2.270736694335937500e-01
-9.405016899108886719e-04
3.985354900360107422e-01
4.727739095687866211e-02
5.068302154541015625e-03
-3.020703792572021484e-03
-1.864194869995117188e-03
-6.428420543670654297e-03
-3.228574991226196289e-03
1.227374672889709473e-01
6.251838803291320801e-02
2.328436672687530518e-01
1.123793125152587891e-01
1.990371942520141602e-02
3.711730241775512695e-03
2.765209674835205078e-01
-1.175731420516967773e-03
1.321703195571899414e-03
-1.279160380363464355e-02
-2.324551343917846680e-03
-1.193284988403320312e-04
7.175928354263305664e-02
1.277566850185394287e-01
4.523934721946716309e-01
9.787845611572265625e-02
1.346201300621032715e-01
2.321691513061523438e-01
1.219291985034942627e-02
-5.433261394500732422e-04
-1.363921165466308594e-02
-4.537731409072875977e-03
-1.934170722961425781e-04
7.480350136756896973e-02
1.790799498558044434e-01
1.245135068893432617e-01
2.373862266540527344e-01
3.060437440872192383e-01
8.426487445831298828e-03
1.304690539836883545e-02
-9.364783763885498047e-04
-6.021708250045776367e-03
-4.375636577606201172e-03
8.304235339164733887e-02
1.195376515388488770e-01
2.186176776885986328e-01
9.424793720245361328e-02
2.592278718948364258e-01
2.186924219131469727e-03
1.176826655864715576e-02
-1.875013113021850586e-03
-5.587279796600341797e-03
-3.717333078384399414e-03
1.067486405372619629e-01
6.351423263549804688e-02
5.727159976959228516e-02
6.750988960266113281e-02
6.146371364593505859e-03
-2.507358789443969727e-03
1.267769932746887207e-02
-5.410611629486083984e-04
-4.115432500839233398e-03
-3.184467554092407227e-03
1.015806496143341064e-01
2.129392623901367188e-01
9.701490402221679688e-03
4.220485687255859375e-02
8.952856063842773438e-03
4.453659653663635254e-01
1.965612173080444336e-03
-8.413314819335937500e-03
-2.879559993743896484e-03
-1.252204179763793945e-03
1.353293657302856445e-03
7.750630378723144531e-02
1.729803681373596191e-01
9.057831764221191406e-02
-1.322999596595764160e-03
-3.346496820449829102e-02
-3.022402524948120117e-03
4.805922508239746094e-03
-2.745568752288818359e-03
-3.296315670013427734e-03
-3.073364496231079102e-03
3.137022256851196289e-03
7.077431678771972656e-02
4.568099975585937500e-04
5.529582500457763672e-02
3.199130296707153320e-02
5.372279286384582520e-01
-7.104486227035522461e-03
1.285260915756225586e-02
-7.761746644973754883e-03
-2.440661191940307617e-03
-2.673149108886718750e-03
8.892321586608886719e-02
6.075263023376464844e-02
-3.230571746826171875e-02
4.890549182891845703e-02
2.598816156387329102e-02
5.891121029853820801e-01
-4.287779331207275391e-03
1.656854152679443359e-02
1.224964857101440430e-03
-2.289324998855590820e-03
-3.472328186035156250e-03
4.967510700225830078e-03
7.743725180625915527e-02
1.413216292858123779e-01
2.074299454689025879e-01
2.798202633857727051e-02
-2.600926160812377930e-02
7.551550865173339844e-02
7.892414927482604980e-03
1.643161475658416748e-02
-1.196855306625366211e-02
-2.218544483184814453e-03
-3.231227397918701172e-03
8.156359195709228516e-03
7.631057500839233398e-02
1.187059879302978516e-01
1.468460559844970703e-01
-3.222978115081787109e-02
7.780253887176513672e-02
1.489784717559814453e-01
-6.929636001586914062e-04
7.725077867507934570e-02
1.587653160095214844e-02
-1.027190685272216797e-02
-9.243786334991455078e-04
-3.006905317306518555e-03
1.115578413009643555e-02
7.497492432594299316e-02
1.824949085712432861e-01
-5.256235599517822266e-02
4.952079057693481445e-02
-9.523451328277587891e-03
6.772694587707519531e-01
2.401058673858642578e-01
8.120596408843994141e-03
9.625613689422607422e-03
-7.575124502182006836e-03
5.230903625488281250e-04
-2.512156963348388672e-03
3.528237342834472656e-03
8.498540520668029785e-02
6.520745158195495605e-02
1.196352541446685791e-01
2.928321957588195801e-01
2.208065986633300781e-02
1.799458265304565430e-02
6.240290403366088867e-01
1.869797706604003906e-04
1.240402460098266602e-03
2.960754930973052979e-02
-4.689246416091918945e-03
8.833408355712890625e-05
2.351343631744384766e-03
1.498499512672424316e-02
8.598697185516357422e-02
6.425106525421142578e-02
1.313367486000061035e-01
2.663111984729766846e-01
8.448481559753417969e-02
-1.388467848300933838e-02
6.252152919769287109e-01
2.329360246658325195e-01
6.156161427497863770e-03
1.607738435268402100e-02
-5.582153797149658203e-03
-1.646250486373901367e-03
8.614659309387207031e-04
3.861188888549804688e-03
7.260674238204956055e-02
2.235197424888610840e-01
2.299547195434570312e-03
1.707290112972259521e-01
-1.751518249511718750e-02
2.157499790191650391e-01
1.706136465072631836e-01
-4.097461700439453125e-03
3.992584347724914551e-02
-4.378557205200195312e-04
-9.286403656005859375e-04
5.803108215332031250e-03
1.622277498245239258e-02
7.909351587295532227e-02
6.368947029113769531e-02
2.955394685268402100e-01
1.691305637359619141e-01
6.124615669250488281e-03
2.756325006484985352e-01
3.224730491638183594e-02
6.375913321971893311e-02
3.869509696960449219e-02
-7.444322109222412109e-04
6.965203285217285156e-01
8.718371391296386719e-02
-4.466474056243896484e-04
6.995743513107299805e-02
1.335128247737884521e-01
2.717173397541046143e-01
5.231857299804687500e-03
2.063225507736206055e-01
1.279342174530029297e-02
1.726653128862380981e-01
5.852320790290832520e-02
8.115172386169433594e-04
5.494549870491027832e-03
1.270308196544647217e-01
-1.521080732345581055e-03
6.732773780822753906e-02
2.684499919414520264e-01
1.717456579208374023e-01
-2.459877729415893555e-02
4.000942707061767578e-01
-2.675950527191162109e-04
8.743115067481994629e-01
2.698439359664916992e-02
5.803376436233520508e-03
4.131114482879638672e-02
8.387416601181030273e-03
8.502978086471557617e-02
6.432017683982849121e-02
2.371870279312133789e-01
1.486245989799499512e-01
1.258816719055175781e-01
3.364485502243041992e-02
-2.819859981536865234e-02
1.149626970291137695e-01
6.003648042678833008e-03
9.417355060577392578e-03
6.453782320022583008e-03
-1.096040010452270508e-03
7.013490796089172363e-02
1.080284416675567627e-01
1.666514575481414795e-01
1.008218526840209961e-02
2.172098159790039062e-01
1.281768083572387695e-03
5.954283475875854492e-01
8.976280689239501953e-03
6.753206253051757812e-03
2.752846479415893555e-01
-1.357316970825195312e-03
7.094365358352661133e-02
1.030100286006927490e-01
1.823052465915679932e-01
2.655237913131713867e-03
3.794753551483154297e-02
1.630765199661254883e-02
5.577536225318908691e-01
4.603713750839233398e-03
4.970356822013854980e-03
4.943898916244506836e-01
-6.664991378784179688e-04
7.122877240180969238e-02
1.157481074333190918e-01
1.809431910514831543e-01
7.083469629287719727e-02
2.440381050109863281e-02
-6.281137466430664062e-03
6.343486309051513672e-01
4.813854396343231201e-02
5.173966288566589355e-03
1.793304085731506348e-02
-1.248180866241455078e-03
6.981241703033447266e-02
1.653798520565032959e-01
1.686578392982482910e-01
2.571105957031250000e-02
5.023479461669921875e-02
-1.324915885925292969e-02
7.249028682708740234e-01
-4.109680652618408203e-03
7.896021008491516113e-03
3.347289562225341797e-02
-1.378029584884643555e-03
7.048720121383666992e-02
1.005527675151824951e-01
1.519438028335571289e-01
-2.814054489135742188e-03
2.639442682266235352e-02
-1.562869548797607422e-02
7.675325870513916016e-01
6.501476764678955078e-01
3.226761519908905029e-02
1.018166780471801758e+00
3.024339675903320312e-03
1.526176929473876953e-03
6.511837244033813477e-02
1.604199707508087158e-01
3.915411233901977539e-02
1.826655864715576172e-02
-3.422498703002929688e-04
1.193025708198547363e-02
6.814398765563964844e-01
1.961851119995117188e-01
5.966871976852416992e-04
1.383949816226959229e-01
-2.045661211013793945e-03
6.907853484153747559e-02
1.563982665538787842e-01
1.572690606117248535e-01
2.710461616516113281e-02
-1.119554042816162109e-02
1.042132079601287842e-02
6.458355188369750977e-01
3.320622444152832031e-02
1.808893680572509766e-02
4.887414276599884033e-01
8.402533531188964844e-01
-5.312889814376831055e-03
6.696134805679321289e-02
1.560556888580322266e-01
1.563510894775390625e-01
1.479601860046386719e-02
-1.818001270294189453e-03
2.603346109390258789e-02
6.231052875518798828e-01
-6.452500820159912109e-04
2.700294554233551025e-02
1.929899901151657104e-01
1.244448125362396240e-01
-4.556715488433837891e-03
6.794160604476928711e-02
1.474521458148956299e-01
1.526663601398468018e-01
3.895014524459838867e-02
-2.066314220428466797e-02
-2.309149503707885742e-02
7.238644361495971680e-02
2.890104055404663086e-02
6.067943572998046875e-02
4.934420585632324219e-01
3.757199645042419434e-02
-6.830811500549316406e-03
-6.191834807395935059e-03
9.304267168045043945e-02
8.383512496948242188e-02
1.271529197692871094e-01
5.400776863098144531e-04
-1.951408386230468750e-02
6.772136688232421875e-02
5.432283878326416016e-01
8.914086222648620605e-02
3.463234007358551025e-02
1.674841642379760742e-01
1.538689434528350830e-02
-8.856847882270812988e-03
6.651565432548522949e-02
1.512959003448486328e-01
1.549580097198486328e-01
7.525140047073364258e-02
5.325257778167724609e-03
9.529563784599304199e-02
3.477846384048461914e-01
1.096880435943603516e-02
4.814234375953674316e-02
7.130557298660278320e-02
8.363122940063476562e-01
-9.015649557113647461e-03
7.475036382675170898e-02
1.376914978027343750e-01
1.490423083305358887e-01
6.491112709045410156e-02
-9.413480758666992188e-03
1.935592889785766602e-01
5.179268121719360352e-02
1.342254877090454102e-02
6.558956205844879150e-02
5.683952569961547852e-02
9.766998291015625000e-01
-1.051735877990722656e-02
7.418826222419738770e-02
1.339409351348876953e-01
1.542204022407531738e-01
7.342904806137084961e-02
5.714058876037597656e-03
3.180568516254425049e-01
1.460149884223937988e-01
1.195639371871948242e-02
1.671445965766906738e-01
3.762376308441162109e-02
9.485722780227661133e-01
-1.170092821121215820e-02
8.039826154708862305e-02
1.364629268646240234e-01
1.547115445137023926e-01
7.321870326995849609e-02
-3.768324851989746094e-03
4.731909632682800293e-01
3.139424324035644531e-02
6.302499771118164062e-02
1.125914752483367920e-01
2.505734860897064209e-01
5.509439110755920410e-01
4.405182600021362305e-02
-1.489493250846862793e-02
6.739911437034606934e-02
1.488552987575531006e-01
1.089818477630615234e-01
1.353158950805664062e-01
-6.646871566772460938e-03
5.224124193191528320e-01
2.429592609405517578e-02
5.556797981262207031e-02
3.885708451271057129e-01
9.578859806060791016e-02
4.486800730228424072e-01
1.309627294540405273e-02
-1.750530302524566650e-02
7.310706377029418945e-02
1.415502727031707764e-01
1.376178562641143799e-01
3.066146373748779297e-02
4.100799560546875000e-03
7.372950911521911621e-01
-1.808154582977294922e-02
9.754955768585205078e-03
1.528559923171997070e-01
8.639647960662841797e-01
8.683502078056335449e-01
2.875812351703643799e-02
-1.456040143966674805e-02
1.036765575408935547e-01
1.240024566650390625e-01
1.510126888751983643e-01
6.859236955642700195e-02
6.921941041946411133e-02
2.762079238891601562e-04
4.772431850433349609e-01
-1.644265651702880859e-02
9.243014454841613770e-02
7.582297325134277344e-01
3.762757778167724609e-02
8.740447759628295898e-01
-1.323705911636352539e-02
-1.987978816032409668e-02
6.566533446311950684e-02
8.422189950942993164e-02
3.577274084091186523e-02
2.550488114356994629e-01
1.983046531677246094e-03
7.275282144546508789e-01
5.443572998046875000e-03
7.595373690128326416e-02
6.716549396514892578e-01
1.353907585144042969e-02
8.067781925201416016e-01
-9.695008397102355957e-03
-1.375415921211242676e-02
7.584077119827270508e-02
1.504013240337371826e-01
1.261476278305053711e-01
3.368437290191650391e-02
2.820143699645996094e-01
1.293969154357910156e-02
2.498363852500915527e-01
-1.846003532409667969e-02
2.261054515838623047e-01
1.415181159973144531e-02
6.669829487800598145e-01
-1.136094331741333008e-02
-2.398608624935150146e-02
1.047796905040740967e-01
1.255110204219818115e-01
1.560668945312500000e-01
4.607677459716796875e-02
1.866981983184814453e-01
9.342968463897705078e-03
8.271183967590332031e-01
-2.266299724578857422e-02
4.840964078903198242e-02
6.280406713485717773e-01
8.384521305561065674e-02
1.000863313674926758e-02
-9.913548827171325684e-03
-2.571597695350646973e-02
7.961884140968322754e-02
1.557158231735229492e-01
1.270016431808471680e-01
3.275942802429199219e-02
2.472830414772033691e-01
3.133118152618408203e-02
4.195421934127807617e-02
2.998575568199157715e-01
2.654644846916198730e-01
6.165182590484619141e-02
6.121039390563964844e-03
-8.794143795967102051e-03
-2.669581770896911621e-02
1.077167987823486328e-01
1.401712894439697266e-01
1.521554887294769287e-01
6.096434593200683594e-02
1.794583201408386230e-01
1.792061328887939453e-02
5.611453056335449219e-01
-4.397630691528320312e-03
1.785963773727416992e-01
-1.822233200073242188e-03
3.921886682510375977e-01
-4.539147019386291504e-03
-1.787973940372467041e-02
-6.454288959503173828e-04
7.539299130439758301e-02
8.437371253967285156e-02
1.007072925567626953e-01
2.077353000640869141e-02
2.740081548690795898e-01
4.509150981903076172e-02
6.253123283386230469e-04
1.991658210754394531e-01
1.096123456954956055e-01
1.364338397979736328e-02
2.099856734275817871e-02
-9.313628077507019043e-03
-2.270787954330444336e-02
-3.712326288223266602e-04
1.562814414501190186e-01
1.455305218696594238e-01
7.111001014709472656e-02
3.872151374816894531e-01
2.510917186737060547e-02
2.723737359046936035e-01
2.793490886688232422e-02
-1.509487628936767578e-03
-7.772445678710937500e-03
1.418319642543792725e-01
6.905496120452880859e-04
-1.062069833278656006e-02
-6.897687911987304688e-03
9.463348984718322754e-02
8.287638425827026367e-02
4.549479484558105469e-02
3.846871852874755859e-02
1.976251602172851562e-02
4.507339000701904297e-02
8.930772542953491211e-02
3.645300865173339844e-03
-3.297141194343566895e-02
8.338570594787597656e-03
3.694429993629455566e-03
-7.495895028114318848e-03
-1.595669984817504883e-02
5.740255117416381836e-03
1.576091945171356201e-01
1.113828420639038086e-01
2.454823255538940430e-02
2.854778766632080078e-01
4.576587677001953125e-02
7.675117254257202148e-02
-4.922434687614440918e-03
1.111541986465454102e-01
1.437628269195556641e-02
-9.835362434387207031e-04
-5.596771836280822754e-03
-1.723176240921020508e-02
7.291913032531738281e-03
1.562449336051940918e-01
1.152136325836181641e-01
3.256183862686157227e-02
2.845799922943115234e-01
1.419944763183593750e-01
2.227401733398437500e-02
-1.426506042480468750e-02
5.393564701080322266e-02
3.044795989990234375e-02
-1.078942418098449707e-02
1.701205968856811523e-03
-1.010483503341674805e-02
-2.498760819435119629e-03
1.596277654170989990e-01
1.290789246559143066e-01
3.720355033874511719e-02
4.936311244964599609e-01
7.120651006698608398e-02
-2.001488208770751953e-02
4.762029647827148438e-02
2.679896354675292969e-02
6.347286701202392578e-02
1.369708776473999023e-02
3.875240683555603027e-03
-5.712181329727172852e-03
1.356454193592071533e-02
1.596229076385498047e-01
1.398330032825469971e-01
4.332244396209716797e-02
2.391587495803833008e-01
3.894531726837158203e-02
1.979875564575195312e-02
-7.987594604492187500e-02
1.416620016098022461e-01
-1.376798748970031738e-02
7.617861032485961914e-03
-2.646505832672119141e-03
-1.046538352966308594e-03
1.104657351970672607e-01
1.305129826068878174e-01
4.680931568145751953e-02
3.428652882575988770e-01
8.443951606750488281e-03
-2.973794937133789062e-03
3.414225578308105469e-02
2.925729751586914062e-02
4.121315479278564453e-02
-2.855393290519714355e-02
2.196416258811950684e-03
-4.853844642639160156e-03
1.748347282409667969e-02
8.810436725616455078e-02
6.543141603469848633e-02
4.239290952682495117e-01
7.598710060119628906e-02
2.355456352233886719e-03
5.825281143188476562e-03
-5.810934305191040039e-02
-5.602195858955383301e-02
2.450561523437500000e-01
3.863155841827392578e-03
2.682268619537353516e-03
7.156878709793090820e-03
1.610715389251708984e-01
1.123118996620178223e-01
4.300475120544433594e-02
2.152237296104431152e-01
-5.610305070877075195e-02
-3.660559654235839844e-03
2.691400051116943359e-02
-5.675673484802246094e-03
7.005366086959838867e-01
2.451494336128234863e-03
1.709792017936706543e-02
-5.766332149505615234e-03
1.612378656864166260e-01
8.579218387603759766e-02
3.728806972503662109e-02
4.513534307479858398e-01
-2.784049510955810547e-02
2.187252044677734375e-03
1.340961456298828125e-02
-1.627784967422485352e-02
6.543509960174560547e-01
4.992336034774780273e-03
2.188584208488464355e-02
9.036839008331298828e-03
1.613976061344146729e-01
8.917987346649169922e-02
4.141503572463989258e-02
4.276763200759887695e-01
-6.663995981216430664e-02
-1.598346233367919922e-02
2.986073493957519531e-02
-4.988074302673339844e-02
7.363826036453247070e-01
8.564889430999755859e-03
2.835571765899658203e-03
2.386569976806640625e-03
1.586703062057495117e-01
9.729260206222534180e-02
6.495064496994018555e-02
3.320339918136596680e-01
7.406407594680786133e-02
-4.198551177978515625e-02
7.039070129394531250e-03
-3.082463145256042480e-02
6.048654317855834961e-01
-2.118656039237976074e-02
2.018317580223083496e-02
6.693944334983825684e-03
1.487194001674652100e-01
1.468233168125152588e-01
6.834483146667480469e-02
-2.460098266601562500e-02
3.330794572830200195e-01
-7.892727851867675781e-03
-1.736879348754882812e-02
3.004467487335205078e-02
-2.268755435943603516e-02
5.546897649765014648e-03
2.928948402404785156e-02
-4.066020250320434570e-03
1.459044814109802246e-01
1.218573451042175293e-01
5.118620395660400391e-02
1.299715042114257812e-02
2.987972497940063477e-01
-4.116368293762207031e-02
3.307545185089111328e-02
2.715158462524414062e-02
-6.318569183349609375e-03
1.674647629261016846e-02
2.498273551464080811e-02
-6.209552288055419922e-03
6.495267152786254883e-04
1.608228385448455811e-01
8.787018060684204102e-02
4.543030261993408203e-02
2.575840950012207031e-01
1.646931171417236328e-01
-3.199243545532226562e-02
7.252097129821777344e-03
-4.172921180725097656e-03
6.814907789230346680e-01
2.524287998676300049e-02
-1.680658757686614990e-02
2.151682972908020020e-02
1.625544130802154541e-01
7.708847522735595703e-02
3.729557991027832031e-02
2.790558338165283203e-01
2.164386510848999023e-01
-4.454374313354492188e-02
9.172677993774414062e-03
2.786600589752197266e-02
2.968422174453735352e-01
-2.046361565589904785e-03
5.614843964576721191e-01
2.854762971401214600e-02
3.688484430313110352e-04
1.181840300559997559e-01
6.309324502944946289e-02
5.726671218872070312e-02
8.032506704330444336e-02
-2.404463291168212891e-02
2.399253845214843750e-02
1.770114898681640625e-02
-2.350962162017822266e-02
1.452951133251190186e-02
2.106948196887969971e-02
3.072470426559448242e-02
3.325748443603515625e-02
1.608656048774719238e-01
1.249569058418273926e-01
6.723713874816894531e-02
3.855168819427490234e-02
1.828223466873168945e-01
-3.105926513671875000e-02
1.634526252746582031e-02
7.028877735137939453e-02
2.764797210693359375e-02
6.179979443550109863e-02
1.972754299640655518e-02
-5.486264824867248535e-03
7.267773151397705078e-02
1.563853025436401367e-01
1.018146276473999023e-01
4.513895511627197266e-02
7.109594345092773438e-02
-2.189755439758300781e-03
4.267215728759765625e-03
5.833840370178222656e-02
1.801414489746093750e-01
5.524903535842895508e-02
2.011913061141967773e-02
4.783272743225097656e-04
5.559107661247253418e-01
1.536047160625457764e-01
1.017515063285827637e-01
4.455995559692382812e-02
4.919612407684326172e-02
-8.545160293579101562e-03
-4.632592201232910156e-03
6.755477190017700195e-02
2.569843530654907227e-01
1.343851089477539062e-01
2.058525383472442627e-02
7.956272363662719727e-02
5.095666646957397461e-02
1.337183415889739990e-01
5.690556764602661133e-02
3.880655765533447266e-02
2.113139629364013672e-01
1.399589776992797852e-01
-8.873581886291503906e-03
1.396894454956054688e-03
2.669849395751953125e-01
5.857065320014953613e-02
7.564484477043151855e-01
2.010387480258941650e-01
4.417094588279724121e-02
1.127355694770812988e-01
6.430423259735107422e-02
3.713762760162353516e-02
2.088352441787719727e-01
2.685189247131347656e-02
5.668854713439941406e-02
1.026710271835327148e-01
2.209560871124267578e-01
1.127608418464660645e-01
2.181851863861083984e-02
1.412723809480667114e-01
3.207226097583770752e-02
6.776523590087890625e-02
5.933809280395507812e-02
1.351968050003051758e-01
1.367998123168945312e-01
-1.079559326171875000e-03
1.892600059509277344e-01
1.943074464797973633e-01
1.859520673751831055e-01
2.040056586265563965e-01
1.686960309743881226e-01
7.541720569133758545e-02
1.560627818107604980e-01
8.437520265579223633e-02
4.501318931579589844e-02
1.233448982238769531e-01
4.036663770675659180e-01
-2.722263336181640625e-02
3.922998905181884766e-02
8.011853694915771484e-02
4.851424694061279297e-02
2.384349703788757324e-03
1.634787917137145996e-01
3.513742089271545410e-01
1.330574452877044678e-01
6.311821937561035156e-02
3.700953722000122070e-02
1.787147521972656250e-01
3.099524974822998047e-02
1.818249225616455078e-01
-1.125477552413940430e-01
-2.708697319030761719e-02
3.260595798492431641e-01
1.664993315935134888e-01
5.247990787029266357e-02
1.524929404258728027e-01
8.210068941116333008e-02
3.901708126068115234e-02
1.254982948303222656e-01
3.826236724853515625e-02
8.306229114532470703e-02
-5.846607685089111328e-02
1.230304837226867676e-01
4.139737486839294434e-01
1.742621064186096191e-01
1.817642450332641602e-01
5.899080634117126465e-02
7.893651723861694336e-02
4.300844669342041016e-02
1.167544126510620117e-01
4.353630542755126953e-01
-1.987618207931518555e-02
-8.663630485534667969e-02
-3.532266616821289062e-02
8.082833886146545410e-01
8.500863611698150635e-02
-9.410157799720764160e-03
1.365448236465454102e-01
6.499940156936645508e-02
1.157516241073608398e-01
1.065744161605834961e-01
5.488491058349609375e-02
-4.737508296966552734e-02
1.079082489013671875e-03
7.684812545776367188e-01
-4.338864982128143311e-02
8.250316381454467773e-01
7.174967229366302490e-02
9.108257293701171875e-02
4.774987697601318359e-02
1.816352605819702148e-01
8.637534379959106445e-01
-2.006256580352783203e-02
-2.395802736282348633e-02
3.583804368972778320e-01
-8.127845823764801025e-02
7.422131299972534180e-01
2.969482541084289551e-02
7.700812816619873047e-02
8.970606327056884766e-02
1.219037771224975586e-01
1.036379098892211914e+00
-3.235119581222534180e-02
1.201486587524414062e-02
1.014637947082519531e-01
6.656252145767211914e-01
1.065395772457122803e-03
1.144194602966308594e-01
5.613273382186889648e-02
7.066261768341064453e-02
1.084840297698974609e-01
5.435335636138916016e-02
-2.121937274932861328e-02
1.392722129821777344e-02
1.108119487762451172e-01
1.375155150890350342e-01
9.260587394237518311e-03
1.100636720657348633e-01
8.399248123168945312e-02
7.233893871307373047e-02
9.811496734619140625e-02
-2.233010530471801758e-02
3.499603271484375000e-02
-5.668938159942626953e-02
5.109457373619079590e-01
7.053564786911010742e-01
4.149194061756134033e-02
8.354508876800537109e-02
3.368651866912841797e-02
1.733381748199462891e-01
7.463573217391967773e-01
-3.330993652343750000e-02
1.330280303955078125e-02
2.055644989013671875e-02
2.606314420700073242e-02
1.506698131561279297e-02
9.286081790924072266e-02
5.668723583221435547e-02
7.462424039840698242e-02
1.176958084106445312e-01
1.112379670143127441e+00
1.546204090118408203e-02
1.546466350555419922e-02
-2.517497539520263672e-02
4.907876849174499512e-01
1.012326925992965698e-01
9.394645690917968750e-02
2.853995561599731445e-02
6.926167011260986328e-02
9.901630878448486328e-02
1.500016450881958008e-01
-4.148483276367187500e-05
1.119720935821533203e-02
3.376740217208862305e-01
6.175366640090942383e-01
1.083402335643768311e-02
7.531815767288208008e-02
3.114855289459228516e-02
3.119504451751708984e-02
8.922791481018066406e-02
1.013992786407470703e+00
-1.443278789520263672e-02
3.855204582214355469e-02
1.013112068176269531e-01
3.134059906005859375e-02
2.928644418716430664e-02
1.048495769500732422e-01
4.830980300903320312e-02
8.030152320861816406e-02
2.305445671081542969e-01
1.013279557228088379e-01
3.780177235603332520e-01
4.143190383911132812e-02
1.068302392959594727e-01
1.933085918426513672e-02
3.697330951690673828e-01
6.654418259859085083e-02
7.623600959777832031e-02
3.171682357788085938e-02
1.758849620819091797e-02
8.486819267272949219e-02
8.661659359931945801e-01
1.670300960540771484e-02
1.013618707656860352e-02
2.345805168151855469e-01
1.747870445251464844e-02
3.248172998428344727e-02
9.681701660156250000e-02
3.699642419815063477e-02
6.217026710510253906e-02
3.527240157127380371e-01
3.652405738830566406e-02
3.077409863471984863e-01
1.175892353057861328e-02
1.691361665725708008e-01
2.189700603485107422e-01
5.030751228332519531e-03
8.390635251998901367e-03
7.920205593109130859e-02
2.923381328582763672e-02
8.118784427642822266e-02
8.854818344116210938e-02
2.481287717819213867e-02
1.009374856948852539e-02
7.013082504272460938e-04
1.040549874305725098e-01
4.456782341003417969e-02
4.534882307052612305e-02
7.993400096893310547e-03
8.920526504516601562e-02
2.691704034805297852e-02
1.465139389038085938e-01
1.041494607925415039e-01
4.497349262237548828e-01
8.372342586517333984e-02
2.476173639297485352e-02
3.979606628417968750e-01
3.325104713439941406e-02
3.986227512359619141e-02
4.470342397689819336e-02
4.936921596527099609e-02
6.938779354095458984e-02
1.270047426223754883e-01
1.817036867141723633e-01
4.285931587219238281e-02
1.147902011871337891e-02
4.388586878776550293e-01
1.505506038665771484e-02
2.108690142631530762e-02
3.675660490989685059e-02
5.463057756423950195e-02
9.401834011077880859e-02
3.035646677017211914e-02
1.675709486007690430e-01
5.244183540344238281e-02
2.388793230056762695e-02
1.896541118621826172e-01
1.640779972076416016e-01
-9.357318282127380371e-03
1.145534217357635498e-01
2.955889701843261719e-02
7.355904579162597656e-02
1.550847291946411133e-02
1.479500532150268555e-02
-1.014465093612670898e-02
4.599211812019348145e-01
1.174241304397583008e-02
-6.119072437286376953e-03
3.044569492340087891e-02
4.316604137420654297e-02
7.717764377593994141e-02
6.568312644958496094e-03
2.020543813705444336e-02
3.815191984176635742e-02
4.580910205841064453e-01
1.726206541061401367e-01
1.141767501831054688e-01
-9.229481220245361328e-03
2.927601337432861328e-02
6.684064865112304688e-02
1.553410291671752930e-02
-1.945948600769042969e-02
7.052665948867797852e-02
2.330917716026306152e-01
5.466985702514648438e-02
2.254341840744018555e-01
-9.759038686752319336e-03
3.097999095916748047e-02
8.503067493438720703e-02
1.423949003219604492e-02
4.295715689659118652e-02
5.343604087829589844e-02
2.854682207107543945e-01
1.800471544265747070e-01
2.463566064834594727e-01
-1.642271876335144043e-02
2.509421110153198242e-02
8.512330055236816406e-02
2.305108308792114258e-02
3.839337825775146484e-02
9.806406497955322266e-02
5.040026307106018066e-01
1.339524984359741211e-02
1.709145307540893555e-01
4.560017585754394531e-02
2.264189720153808594e-02
8.405303955078125000e-02
5.950072407722473145e-02
1.853644847869873047e-03
-1.157051324844360352e-01
5.112397670745849609e-02
8.304966092109680176e-01
1.348363757133483887e-01
2.365264892578125000e-01
-1.980361342430114746e-02
2.881795167922973633e-02
1.420616507530212402e-01
5.611124634742736816e-02
-8.823370933532714844e-02
-1.393161863088607788e-01
6.958067417144775391e-01
2.810162305831909180e-02
1.632053852081298828e-01
6.851136684417724609e-03
9.367525577545166016e-03
2.169632911682128906e-02
1.345441341400146484e-01
6.568610668182373047e-02
-8.126032352447509766e-02
-1.387459337711334229e-01
4.463974833488464355e-01
7.854093313217163086e-01
3.589880466461181641e-02
5.158066749572753906e-03
-4.800498485565185547e-03
2.210652828216552734e-02
1.140120029449462891e-01
7.403540611267089844e-02
2.233609557151794434e-02
-1.247045546770095825e-01
3.089085221290588379e-01
4.796355962753295898e-02
1.495863199234008789e-01
7.545113563537597656e-02
2.274978160858154297e-02
6.707501411437988281e-02
8.866891264915466309e-02
6.281465291976928711e-02
-1.422912180423736572e-01
1.370446085929870605e-01
6.914370059967041016e-01
8.176022768020629883e-02
2.227010726928710938e-01
-2.536627650260925293e-02
3.125667572021484375e-02
5.615729093551635742e-02
8.780235052108764648e-02
-3.184117376804351807e-02
-1.363612115383148193e-01
4.649934172630310059e-01
6.701201200485229492e-02
1.400394439697265625e-01
1.559662818908691406e-02
2.361869812011718750e-02
7.708191871643066406e-02
1.023817956447601318e-01
9.816583991050720215e-02
-9.732539206743240356e-02
3.683024048805236816e-01
6.424983739852905273e-01
3.516554832458496094e-02
7.618421316146850586e-02
2.069664001464843750e-02
9.832847118377685547e-02
5.372416973114013672e-02
9.539523720741271973e-02
2.266794443130493164e-02
1.288518905639648438e-01
5.972754955291748047e-01
4.218965768814086914e-02
1.140084266662597656e-01
2.253288030624389648e-02
1.110255122184753418e-01
1.091496497392654419e-01
8.302828669548034668e-02
-1.030630618333816528e-01
3.275707364082336426e-01
5.168938636779785156e-02
1.279885768890380859e-01
5.727922916412353516e-02
5.615532398223876953e-02
9.032990038394927979e-02
1.154512763023376465e-01
-6.566140800714492798e-02
2.408306002616882324e-01
7.847756147384643555e-02
1.027477383613586426e-01
2.088435888290405273e-01
2.154147624969482422e-02
8.925418555736541748e-02
1.211391240358352661e-01
2.818122506141662598e-02
2.251400947570800781e-01
3.808484375476837158e-01
4.911422729492187500e-02
2.069747447967529297e-01
4.949569702148437500e-03
5.452945828437805176e-02
1.056741178035736084e-01
4.450811445713043213e-02
2.042358517646789551e-01
2.499244511127471924e-01
5.824881792068481445e-02
2.343351840972900391e-01
5.153745412826538086e-02
1.018847823143005371e-01
1.042975932359695435e-01
6.631274521350860596e-02
1.369772553443908691e-01
2.565539181232452393e-01
7.690221071243286133e-02
1.086984872817993164e-01
2.151718139648437500e-01
5.969971418380737305e-02
9.232831001281738281e-02
1.236333101987838745e-01
-7.940709590911865234e-03
9.245765209197998047e-02
1.082942485809326172e-01
1.048215627670288086e-01
2.539030313491821289e-01
5.813103914260864258e-02
1.098281145095825195e-01
6.256847083568572998e-02
-4.512835294008255005e-02
8.005136251449584961e-02
1.066908240318298340e-01
1.013151407241821289e-01
2.512011528015136719e-01
8.083182573318481445e-02
1.075921952724456787e-01
5.391940474510192871e-02
-3.831870108842849731e-02
8.894598484039306641e-02
8.850026130676269531e-02
7.977396249771118164e-02
2.623368501663208008e-01
5.611202120780944824e-02
7.637618482112884521e-02
6.629949808120727539e-02
-3.949531912803649902e-02
1.887676119804382324e-02
1.115086674690246582e-01
9.176975488662719727e-02
2.507045269012451172e-01
8.645997941493988037e-02
1.225915253162384033e-01
2.326734364032745361e-02
-2.605497837066650391e-03
3.910192847251892090e-02
8.936047554016113281e-02
2.660729885101318359e-01
7.994304597377777100e-02
7.166604697704315186e-02
-2.750203758478164673e-02
1.102961897850036621e-01
6.707769632339477539e-02
1.058396100997924805e-01
6.479525566101074219e-02
1.187997609376907349e-01
4.265489429235458374e-02
-3.625720739364624023e-02
3.290355205535888672e-02
8.812618255615234375e-02
2.466433048248291016e-01
6.048801541328430176e-02
9.465599060058593750e-02
6.722718477249145508e-03
1.866362690925598145e-01
6.966835260391235352e-02
1.118180751800537109e-01
5.910938978195190430e-02
1.171877682209014893e-01
2.900049090385437012e-03
-5.469155311584472656e-02
1.137620210647583008e-02
9.097743034362792969e-02
1.025680303573608398e-01
1.182710677385330200e-01
7.506261765956878662e-02
-5.319803953170776367e-02
-1.696117222309112549e-02
8.871024847030639648e-02
1.421216726303100586e-01
8.138990402221679688e-02
7.841497659683227539e-02
-4.403275251388549805e-02
3.212094306945800781e-03
9.186834096908569336e-02
1.331856250762939453e-01
8.070255815982818604e-02
7.918709516525268555e-02
1.773652434349060059e-01
1.298292130231857300e-01
7.266688346862792969e-02
1.045093536376953125e-01
6.504699587821960449e-02
1.018376648426055908e-01
8.028155565261840820e-02
1.930580288171768188e-01
5.343252420425415039e-02
7.959854602813720703e-02
1.317173242568969727e-01
1.152441054582595825e-01
7.346247136592864990e-02
-6.360459327697753906e-02
-4.360699653625488281e-02
9.176516532897949219e-02
9.478747844696044922e-02
7.331039011478424072e-02
8.542828261852264404e-02
6.072712689638137817e-02
-6.982114911079406738e-02
-1.773595809936523438e-03
8.310085535049438477e-02
1.148384809494018555e-01
1.124337613582611084e-01
8.699981868267059326e-02
4.172064363956451416e-02
-7.445397973060607910e-02
-1.310783624649047852e-02
8.406269550323486328e-02
1.124935150146484375e-01
1.079474985599517822e-01
1.030206829309463501e-01
7.681451737880706787e-02
1.691231429576873779e-01
1.442977786064147949e-01
8.640438318252563477e-02
8.554720878601074219e-02
7.397964596748352051e-02
1.130305230617523193e-01
8.062571287155151367e-02
7.211545109748840332e-02
2.345874905586242676e-01
-2.733784914016723633e-02
8.741670846939086914e-02
1.177544593811035156e-01
1.144862920045852661e-01
7.969169318675994873e-02
1.510026007890701294e-01
2.451932430267333984e-01
-6.782680749893188477e-02
8.562088012695312500e-02
1.023181676864624023e-01
1.142302751541137695e-01
8.004178106784820557e-02
5.943322181701660156e-02
1.986921876668930054e-01
5.132520198822021484e-02
7.589602470397949219e-02
1.011961698532104492e-01
1.137152314186096191e-01
8.212180435657501221e-02
7.779493927955627441e-02
2.626189589500427246e-01
-4.570931196212768555e-02
9.453320503234863281e-02
1.261503100395202637e-01
1.001832932233810425e-01
8.176122605800628662e-02
1.102075874805450439e-01
-7.465255260467529297e-02
2.406799793243408203e-02
9.434360265731811523e-02
1.128617078065872192e-01
7.932218909263610840e-02
2.326248735189437866e-01
2.578225135803222656e-01
-4.928511381149291992e-02
9.699869155883789062e-02
9.885640442371368408e-02
8.707846701145172119e-02
7.855884730815887451e-02
1.914531588554382324e-01
1.154332458972930908e-01
8.782529830932617188e-02
1.054744720458984375e-01
8.520770072937011719e-02
7.776278257369995117e-02
1.638235598802566528e-01
4.149499535560607910e-02
6.449192762374877930e-02
1.029515862464904785e-01
8.532494306564331055e-02
8.721473813056945801e-02
2.245930284261703491e-01
-1.674564182758331299e-02
4.314500093460083008e-02
1.038265228271484375e-01
8.508890867233276367e-02
8.866919577121734619e-02
2.635629773139953613e-01
-6.273758411407470703e-02
3.520977497100830078e-02
1.058030128479003906e-01
8.197420835494995117e-02
8.531856536865234375e-02
2.786101102828979492e-01
-5.665174126625061035e-02
3.798389434814453125e-02
1.078516244888305664e-01
7.988867163658142090e-02
8.752469718456268311e-02
2.831873595714569092e-01
-2.133221924304962158e-02
2.275222539901733398e-02
1.120101213455200195e-01
9.158617258071899414e-02
1.280988156795501709e-01
2.227492034435272217e-01
1.818237900733947754e-01
8.729261159896850586e-02
9.372115135192871094e-02
9.004220366477966309e-02
2.420596480369567871e-01
-6.652191281318664551e-02
-4.739999771118164062e-03
1.091970205307006836e-01
9.170180559158325195e-02
9.138137102127075195e-02
3.007867336273193359e-01
9.302422404289245605e-02
2.021998167037963867e-02
1.184377670288085938e-01
8.753110468387603760e-02
2.666125893592834473e-01
-4.941740632057189941e-02
-5.449938774108886719e-02
1.007100939750671387e-01
7.938297092914581299e-02
9.579935669898986816e-02
1.898005306720733643e-01
1.911176741123199463e-02
4.447174072265625000e-02
1.224096417427062988e-01
9.275940060615539551e-02
2.910322248935699463e-01
-5.938559770584106445e-02
-3.078407049179077148e-02
1.145354509353637695e-01
8.736722171306610107e-02
2.236645072698593140e-01
2.847858071327209473e-01
-3.565162420272827148e-02
1.097567081451416016e-01
8.803351223468780518e-02
2.723031044006347656e-01
2.518529891967773438e-01
-1.371550559997558594e-02
1.270239949226379395e-01
9.756925702095031738e-02
3.205752968788146973e-01
1.489396095275878906e-01
7.786810398101806641e-02
8.940736949443817139e-02
2.028001993894577026e-01
3.307725787162780762e-01
1.928162574768066406e-02
1.322097182273864746e-01
1.094186902046203613e-01
3.457611501216888428e-01
1.604455709457397461e-01
1.074392199516296387e-01
9.975846111774444580e-02
3.196094334125518799e-01
2.970403730869293213e-01
8.948469161987304688e-02
1.088339239358901978e-01
3.155071735382080078e-01
2.800968885421752930e-01
1.016863584518432617e-01
1.021725237369537354e-01
3.424256443977355957e-01
2.813657522201538086e-01
1.130677461624145508e-01
1.409473866224288940e-01
3.502410650253295898e-01
-4.036176204681396484e-02
1.367595791816711426e-01
3.039790987968444824e-01
3.054984509944915771e-01
-5.979835987091064453e-03
1.012788861989974976e-01
2.635321617126464844e-01
3.598620593547821045e-01
-2.520418167114257812e-02
1.034747660160064697e-01
2.193573415279388428e-01
3.501422405242919922e-01
-3.297066688537597656e-02
1.354523301124572754e-01
2.954285144805908203e-01
2.557200789451599121e-01
-3.575792908668518066e-02
1.055148839950561523e-01
3.148759603500366211e-01
3.712706267833709717e-01
-1.153458654880523682e-02
-2.734655141830444336e-02
1.125942766666412354e-01
3.755616247653961182e-01
1.189211457967758179e-01
-4.164555668830871582e-02
1.370585560798645020e-01
3.298038840293884277e-01
1.266127675771713257e-01
-1.526176929473876953e-02
1.228865087032318115e-01
3.303065001964569092e-01
-1.035702228546142578e-02
7.847386598587036133e-02
3.405834436416625977e-01
3.499507904052734375e-03
3.978919982910156250e-02
3.351926207542419434e-01
3.441217541694641113e-02
5.708301067352294922e-02
3.239789307117462158e-01
6.880046427249908447e-02
8.592462539672851562e-02
2.599156498908996582e-01
-3.516414761543273926e-02
1.223613619804382324e-01
1.920860856771469116e-01
-2.575778961181640625e-02
3.392745256423950195e-01
5.531519651412963867e-03
5.917680263519287109e-02
2.370220422744750977e-01
-3.623732924461364746e-02
3.604403436183929443e-01
8.679302036762237549e-02
3.512203693389892578e-03
2.914757728576660156e-01
-3.451970219612121582e-02
3.615266084671020508e-01
2.039513587951660156e-01
4.574179649353027344e-03
2.970414161682128906e-01
4.636138677597045898e-03
9.315574169158935547e-02
3.209193646907806396e-01
-3.047206997871398926e-02
3.939439952373504639e-01
1.915193349123001099e-01
1.141536235809326172e-02
2.715961635112762451e-01
-2.987068891525268555e-02
3.766244649887084961e-01
6.563073396682739258e-02
3.962320387363433838e-01
1.064287573099136353e-01
5.502581596374511719e-02
1.326305270195007324e-01
2.538812160491943359e-02
8.563220500946044922e-02
3.213942050933837891e-02
1.000327467918395996e-01
3.427247405052185059e-01
-2.312052249908447266e-02
2.119945138692855835e-01
-3.593802452087402344e-03
2.162840962409973145e-02
2.056313455104827881e-01
7.779240608215332031e-03
-3.242304921150207520e-02
1.975056529045104980e-02
1.033453941345214844e-01
1.472994685173034668e-01
1.665888130664825439e-01
1.395993977785110474e-01
8.740428090095520020e-02
3.081142902374267578e-03
-3.188216686248779297e-02
-4.739657044410705566e-03
-2.670773863792419434e-02
-3.249123692512512207e-02
1.182926893234252930e-01
2.272027879953384399e-01
2.281405031681060791e-01
7.126360386610031128e-02
6.281638145446777344e-02
6.234270334243774414e-02
1.510113179683685303e-01
1.746172308921813965e-01
9.419089555740356445e-02
5.642602965235710144e-02
9.614800661802291870e-02
1.200524643063545227e-01
-3.557115793228149414e-03
-5.970746278762817383e-03
8.616077899932861328e-02
9.467542171478271484e-02
4.489777982234954834e-02
5.350661277770996094e-02
5.338454246520996094e-02
1.532456874847412109e-01
3.758132457733154297e-02
9.317916631698608398e-02
1.052334308624267578e-01
9.856510162353515625e-02
8.033724129199981689e-02
2.178803086280822754e-01
6.016749739646911621e-01
1.001490354537963867e-01
3.065770864486694336e-02
-3.056561946868896484e-02
8.447206020355224609e-02
8.770662546157836914e-02
5.619347095489501953e-03
-3.622144460678100586e-03
3.738728165626525879e-02
4.470229148864746094e-03
1.405057609081268311e-01
1.866806745529174805e-01
1.683795750141143799e-01
2.115165293216705322e-01
6.837904453277587891e-02
8.662298321723937988e-02
-3.650471568107604980e-03
-2.153149247169494629e-02
2.267244756221771240e-01
1.292197108268737793e-01
3.884364366531372070e-01
3.827817142009735107e-01
-8.561879396438598633e-03
1.505849957466125488e-01
2.461932897567749023e-01
1.297253370285034180e-01
1.214220523834228516e-01
1.274150311946868896e-01
2.467082142829895020e-01
-8.795678615570068359e-03
4.770085215568542480e-02
2.694261074066162109e-02
1.553297042846679688e-02
-1.168191432952880859e-03
-3.251880407333374023e-03
-6.072223186492919922e-03
3.109365701675415039e-02
4.101562500000000000e-02
6.452471017837524414e-03
3.917896747589111328e-02
4.260152578353881836e-02
8.517765998840332031e-02
6.312221288681030273e-02
7.923769950866699219e-02
1.127752661705017090e-01
5.637922883033752441e-02
1.030021905899047852e-02
7.144129276275634766e-02
5.811858177185058594e-02
4.493784904479980469e-02
-5.100488662719726562e-03
4.566699266433715820e-03
7.067751884460449219e-02
1.142687052488327026e-01
-2.669095993041992188e-02
4.003587961196899414e-01
9.285749197006225586e-01
-1.386748999357223511e-01
5.525176227092742920e-02
6.469227373600006104e-02
-3.530621528625488281e-03
1.595789194107055664e-02
2.810804545879364014e-02
-9.466745704412460327e-02
1.230163574218750000e-01
3.753620386123657227e-01
-4.702381789684295654e-02
5.393895506858825684e-02
8.348375558853149414e-02
7.777595520019531250e-02
1.163573861122131348e-01
1.140760183334350586e-01
1.100029945373535156e-01
1.207634210586547852e-01
2.547718882560729980e-01
1.044215261936187744e-01
2.272837460041046143e-01
4.416583105921745300e-02
3.625409305095672607e-02
3.602531552314758301e-02
5.255369842052459717e-02
6.316757202148437500e-02
6.191980838775634766e-02
6.122273206710815430e-02
6.102967262268066406e-02
1.667558252811431885e-01
1.583450138568878174e-01
1.667135655879974365e-01
1.716706156730651855e-01
9.644335508346557617e-02
9.433156251907348633e-02
8.432304859161376953e-02
8.324354887008666992e-02
9.398977458477020264e-02
6.307449191808700562e-02
1.036092191934585571e-01
5.641885101795196533e-02
1.501247435808181763e-01
1.781837791204452515e-01
1.665486842393875122e-01
-4.386842250823974609e-03
-3.889113664627075195e-03
-5.605638027191162109e-03
-5.480527877807617188e-03
9.902989864349365234e-02
9.482359886169433594e-02
9.921526908874511719e-02
9.815078973770141602e-02
2.224322408437728882e-02
3.645910322666168213e-02
4.327763617038726807e-02
3.316245973110198975e-02
5.365705490112304688e-02
5.453288555145263672e-02
4.991722106933593750e-02
5.293977260589599609e-02
7.794243097305297852e-02
1.495615839958190918e-01
5.087363719940185547e-02
1.086954772472381592e-01
5.184274911880493164e-02
7.216268777847290039e-02
8.218359947204589844e-02
1.225827932357788086e-01
1.108256578445434570e-01
1.083879470825195312e-01
1.030447483062744141e-01
5.773054063320159912e-02
1.591967195272445679e-01
8.556468784809112549e-02
1.663975566625595093e-01
2.701061964035034180e-01
4.070345759391784668e-01
8.688969016075134277e-01
8.446865081787109375e-01
7.076287269592285156e-02
8.999514579772949219e-02
7.536435127258300781e-02
5.387353897094726562e-02
3.033214807510375977e-02
-1.075649261474609375e-02
3.050971031188964844e-02
6.287693977355957031e-03
5.177676677703857422e-02
8.667147159576416016e-02
8.580756187438964844e-02
8.406454324722290039e-02
-1.158601045608520508e-02
1.630163192749023438e-02
1.234930753707885742e-02
-1.446720957756042480e-02
-1.586347818374633789e-03
1.426321268081665039e-02
3.256714344024658203e-02
-9.191066026687622070e-03
-5.482137203216552734e-03
2.837538719177246094e-03
1.104563474655151367e-03
2.376954853534698486e-01
2.517381906509399414e-01
2.055744081735610962e-01
2.307116538286209106e-01
2.136637270450592041e-01
1.576870083808898926e-01
2.049572169780731201e-01
1.600047945976257324e-01
6.253629922866821289e-02
6.211230158805847168e-02
6.480765342712402344e-02
6.391036510467529297e-02
8.736144751310348511e-02
2.317139506340026855e-02
2.825206890702247620e-02
-7.194802165031433105e-03
8.743792772293090820e-03
-1.014304161071777344e-02
-1.503378152847290039e-03
3.099770843982696533e-01
1.162427961826324463e-01
8.296877145767211914e-02
2.782070636749267578e-02
4.857350587844848633e-01
4.371857643127441406e-01
3.911117911338806152e-01
3.984044194221496582e-01
2.505335211753845215e-02
2.149626612663269043e-02
7.486581802368164062e-03
1.710772514343261719e-02
1.251685619354248047e-01
1.683446168899536133e-01
1.504592895507812500e-01
2.164657115936279297e-01
8.836996555328369141e-02
6.467622518539428711e-02
7.364690303802490234e-02
1.055058836936950684e-01
1.331107616424560547e-01
1.407959461212158203e-01
1.268330812454223633e-01
2.660351991653442383e-01
5.543991923332214355e-02
7.446441054344177246e-02
2.364027500152587891e-02
-3.041803836822509766e-03
2.958625555038452148e-03
1.475930213928222656e-02
2.610051631927490234e-02
2.665245532989501953e-02
-3.177928924560546875e-02
8.068090677261352539e-02
1.343495249748229980e-01
-7.017850875854492188e-03
-6.173074245452880859e-03
-1.279973983764648438e-02
-1.284301280975341797e-02
-4.161834716796875000e-03
-3.785684704780578613e-03
-2.089619636535644531e-03
2.714306116104125977e-03
3.389084339141845703e-02
3.131341934204101562e-02
3.452664613723754883e-02
3.761142492294311523e-02
-5.901753902435302734e-04
-8.422732353210449219e-04
1.321643590927124023e-03
4.504430294036865234e-02
4.369634389877319336e-02
4.973751306533813477e-02
3.215998411178588867e-02
1.447614431381225586e-01
1.041978597640991211e-01
1.685129404067993164e-01
8.968448638916015625e-02
-2.808094024658203125e-03
-1.161277294158935547e-02
9.728664159774780273e-02
5.326461791992187500e-02
9.271156787872314453e-02
3.451234102249145508e-02
4.030233621597290039e-02
4.987168312072753906e-02
5.166143178939819336e-02
1.253382861614227295e-02
4.055517613887786865e-01
1.343785822391510010e-01
5.959939956665039062e-02
7.145428657531738281e-02
1.525768041610717773e-01
1.453615427017211914e-01
1.075637340545654297e-02
1.825571060180664062e-03
-6.712555885314941406e-03
-1.286476850509643555e-03
1.235714554786682129e-02
2.440363168716430664e-03
3.285656869411468506e-02
7.730010151863098145e-02
8.829890191555023193e-02
9.733055531978607178e-02
9.745031595230102539e-02
6.541645526885986328e-02
-1.904535293579101562e-02
7.244937419891357422e-01
5.420385003089904785e-01
3.629029989242553711e-01
6.112969517707824707e-01
7.387980818748474121e-01
9.001348614692687988e-01
2.455902099609375000e-02
-1.338801681995391846e-01
-8.801613748073577881e-02
-4.362210631370544434e-02
4.006449878215789795e-02
2.937233448028564453e-02
6.381382048130035400e-02
-1.069635152816772461e-02
4.425346851348876953e-03
5.473136901855468750e-03
7.367551326751708984e-03
1.035387814044952393e-02
1.857379078865051270e-02
2.024474740028381348e-02
1.164621114730834961e-02
-8.587248623371124268e-02
1.754638552665710449e-01
2.797365188598632812e-02
6.062585115432739258e-02
3.841908574104309082e-01
3.844243884086608887e-01
3.865219652652740479e-01
3.887848854064941406e-01
-4.694032669067382812e-02
-1.130107045173645020e-02
-2.858367562294006348e-02
-3.611047565937042236e-02
6.497073173522949219e-02
7.013314962387084961e-02
7.346683740615844727e-02
7.608681917190551758e-02
