-5.043805212016493067e-03
-3.438482466108991331e-03
3.638931841050452309e-02
3.160476296259989715e-02
2.953316607368217106e-02
-8.255366052117393827e-03
-1.092458226989030667e-02
3.305952911052068011e-02
3.523138740687437043e-02
2.619306512565133804e-02
-2.349114281605295049e-02
1.248813861503683675e-02
3.318112178155241399e-02
1.965082778615268033e-02
1.586448618854352510e-02
1.867534629460798623e-02
8.801000075534970435e-03
-1.978607573141738865e-02
3.412882133720057665e-02
-1.406311168707969142e-02
-1.311162955042877165e-02
-8.744773918575528965e-03
1.725624166960582073e-02
1.614529880693083008e-02
4.608706626437453213e-02
-2.138715356130171941e-02
1.752854542663129234e-02
1.524067671343021235e-02
1.388407878255493166e-02
6.916287389427511201e-03
8.508938160001755513e-03
-4.159935806826309257e-02
-3.718963579561396227e-02
-1.028210610174367517e-03
-4.772124639484109920e-02
-1.696235367371290437e-02
2.301700389987793027e-02
1.481787260622191571e-02
-4.733015151694219824e-02
-2.716046631725177463e-02
-2.051038925870041219e-02
-4.124631690855060095e-02
-5.117367759945251615e-02
-6.172381392583792259e-02
-7.008998472531566271e-02
-7.538367580449789607e-02
-1.401793531527129044e-02
-3.655808587844844304e-02
-5.153001292348369927e-02
-2.656004121907196147e-02
-2.623391529849483650e-02
-3.736323168841812481e-02
-3.586912461052882417e-02
-2.665131757804519580e-02
-4.034220169582358739e-02
-3.774234184107538859e-02
-1.805091897558683267e-02
-4.173286319003155498e-02
-2.695698374048993706e-02
-2.279661275580746604e-02
-5.364108067172757011e-02
-5.162296321141279787e-02
-2.496053574293827237e-02
3.990440866289485938e-02
4.339214674704053309e-02
4.141661748693864498e-02
3.889350930735435696e-02
3.673377292482687961e-02
-4.177299442181559019e-02
-4.083468926294420154e-02
3.705548264391983482e-02
4.031042032748932691e-02
-1.466946328731910665e-02
2.441021104181195778e-02
1.397976622409013991e-02
-4.113192686055200387e-02
-2.531526704077680101e-02
1.514801726823108291e-02
2.075084960509443466e-02
2.096465747185793926e-02
-2.901845604614760460e-02
4.761674672862925561e-03
-6.713343549389161335e-02
6.513955602075216511e-02
-3.613220559861422820e-02
-4.156492879440565336e-02
2.896946831497651531e-02
-1.047570770272849006e-01
-5.307144321523504793e-02
7.216551154604688989e-02
-1.264143496432040825e-02
-5.444049130444927886e-02
-2.012938420575571818e-02
-5.324492673340680549e-02
5.570100374604702864e-02
2.094576407844894739e-02
1.208521500056769504e-02
6.645495214368413173e-03
5.032343030331842826e-03
5.981333994678150745e-03
1.640790275023729095e-02
-1.757826166347570274e-02
4.046034212991089785e-02
-8.765453483240648325e-03
-1.593359907621993976e-02
1.543862398265938296e-02
-2.913569608972599312e-03
-1.317186306013629071e-03
-2.886740473529535861e-02
1.556274964342385658e-02
-1.018682409356012619e-01
6.302939292907494551e-02
6.240307717786897079e-02
-2.844948571361993750e-02
5.885455996282673574e-02
7.525244710218870203e-02
-6.828591050560159359e-02
8.279300175097092929e-02
8.704133969125393833e-02
-2.630402221442951216e-05
-1.936394699431298605e-03
-2.691209082214287424e-02
4.682707471428759760e-02
5.461975718847278394e-02
-7.723140549407887800e-02
-2.661331295607799810e-02
-2.682207164809827932e-02
-2.711357970579761703e-02
-8.563043390566660307e-02
-7.274638972916891433e-02
-5.870553337885553447e-02
-1.089155614646375447e-02
-2.062644145178815780e-02
-1.884325545888113074e-02
-4.533983123420348704e-04
-9.828042860395576341e-03
-2.831652721031856224e-03
-1.788962075070409108e-02
2.220702905093729917e-02
6.176788756678874837e-02
6.094082928563543389e-02
-1.926618787207549227e-02
6.485748629221382844e-02
-8.943164827232674696e-03
8.666279300521562146e-02
7.154429783640192664e-02
-2.185721580012883053e-02
1.157065276128634856e-01
4.317706555685174585e-02
1.158331649491460835e-01
1.138594726218202791e-01
4.869331786846403665e-02
4.363338285520423909e-02
9.451196319220178665e-02
1.791093103647786733e-02
3.439115446867258008e-02
6.372310215756227247e-02
-1.038855458041654245e-01
-5.273595705798156397e-02
-4.264031459557088288e-02
-3.135712062438339442e-02
-1.223413741458057036e-01
-1.131333723069294361e-02
7.730219111270097976e-02
-1.726916790891968034e-01
-3.325531794135916375e-02
-1.228868033081381705e-02
2.759830206846891620e-03
-6.751100290614076016e-02
-6.820417957592828095e-02
-7.426294196879568155e-02
-3.027930474692697160e-02
4.368792927126884801e-02
9.655751110428578698e-02
-1.631319680423315432e-02
-3.694380176843981012e-02
1.904649802270075298e-02
8.384832013643483961e-03
3.095109508244182905e-02
-3.706248620616281464e-02
8.199724464767613533e-03
2.957669933195821582e-02
2.242255159694000327e-02
-5.807263932124195893e-02
-5.313150836431919377e-03
-4.748790129111046809e-02
-1.910451632588461290e-03
-6.778771964839946929e-02
-8.169487229148897356e-03
-1.097790673655319599e-02
1.872924859907987294e-02
6.243623225756969597e-02
9.544562607815726407e-02
1.219704969703805375e-02
-3.826234020525975943e-02
4.839970914943814151e-03
-2.191790429115651750e-02
-3.564695793483890762e-02
-3.126970248970761812e-02
2.774135063158933434e-02
3.141415759982058020e-02
4.912534238437460399e-02
4.817889777317374556e-02
1.244530523394261623e-01
7.702410075401078249e-02
4.424410976017090213e-02
2.451007802749327613e-02
1.150683780421120073e-01
3.140765634894748803e-02
4.845085574282881336e-02
5.421989713803199162e-02
4.738461913267155712e-02
-1.943801950134682599e-02
-5.841635250831644921e-03
1.134875052475768920e-01
9.138447889486855935e-02
1.177792998887626785e-01
-1.164242864222120311e-03
1.204042422957366520e-01
-2.186585681758324018e-02
5.716298088248361609e-03
-2.301295862935215375e-02
-8.858870832335496992e-03
7.059024459769036586e-02
4.380079955208726616e-03
-1.937814023085715487e-02
1.676608253377109836e-02
-4.789585861935841127e-02
-4.039706277736532236e-02
-4.269547592207822984e-02
-3.216306453995343428e-02
-3.300466376349875386e-02
-6.653909219595569025e-02
1.359906999981252973e-02
-1.066078522368585357e-02
-3.491952041914592186e-02
4.122942383475780570e-02
-6.455834107567226532e-02
-4.261808913044951019e-03
-3.067134993356646078e-03
-4.315705812817294262e-02
3.102711910774796911e-02
4.832677029756315967e-03
7.209805132422136831e-02
-7.052374400751422467e-02
-7.893400597237418270e-02
5.331707707800031892e-03
8.951398795380971496e-02
8.584910676010198971e-02
-5.076177368687787017e-02
-7.607360264458840060e-02
6.144710138445075298e-02
5.396875675214282686e-02
5.276031721457086210e-02
-9.788649765319912266e-02
3.887872079636800482e-02
-5.218972959108114651e-03
-3.689308048428562026e-02
-1.145410210326003320e-01
-1.061385851388431112e-01
1.697940944293585552e-02
3.937825098091518594e-02
4.085038104108473789e-02
1.132995924608404259e-02
3.825246132708348679e-02
-5.195601223396155433e-02
-6.141285923463224439e-02
-3.870357078595995648e-02
-2.570850713869310411e-02
6.657217992985686728e-03
-4.944636876634390943e-02
-5.673320261320041052e-02
-5.917245651976543730e-02
-7.308566267544974737e-02
-5.007063196027400354e-02
-3.328600461049729953e-02
5.891235092152746766e-02
9.440278627218190444e-03
3.718497214914884275e-02
3.928235940286611827e-02
-7.146872461877201710e-03
-6.407981552542106607e-02
1.295373793124834916e-02
3.233475057757831395e-02
3.731611433209552908e-02
3.500895795338498928e-02
3.372177292770311974e-02
3.800414436528826156e-02
3.675566227176840783e-02
3.654970857451253496e-02
3.726844544129062631e-02
3.370797226365956911e-02
2.102089684323495133e-03
2.014349126773601339e-02
2.860644566855874427e-02
3.224907641046381723e-02
3.640767841947745165e-02
3.473146141017116606e-02
3.690987723206751170e-02
3.104489465958906735e-02
2.936115114315196450e-02
2.535389732792373008e-02
3.781303316074563492e-02
3.804518486952152001e-02
2.398292009014429960e-02
2.885970176947405541e-02
3.603612702183722760e-02
3.681148956035856790e-02
3.461545584489511551e-02
3.523157247398922554e-02
3.623982700293154613e-02
3.563402815145166880e-02
2.944554290621431702e-02
3.613198743617029862e-02
4.365031385748752157e-02
3.397568878366968859e-02
3.411732751992724300e-02
3.346767587783572306e-02
3.415302181518153901e-02
4.671614329090501005e-02
3.272390165841626564e-02
3.281822259704858524e-02
3.972914092718216050e-02
2.385452797541826042e-02
4.717735579129589407e-02
3.374011354258649176e-02
6.407696978139504340e-03
3.888101321829973145e-02
3.094583147857166150e-02
2.552495558116041341e-02
4.692237240829610911e-02
3.094394359489993640e-02
5.191593000535704716e-03
3.812723281227659022e-02
3.344534621171724176e-02
2.285894154513412602e-02
3.185414185422197342e-02
3.235311730880280345e-02
2.165715603547052615e-02
1.682621958561392184e-02
5.042905516624973661e-02
3.039248856793008713e-02
-1.340111662903500922e-03
4.029534986728244839e-02
2.504732493818384587e-02
3.246893585816035266e-02
8.837901112839718909e-03
3.245000791897778569e-02
4.780976815952053816e-02
3.075971506217084483e-02
2.831832715307580628e-02
1.182880645277695209e-02
3.296805164505722807e-02
3.306281724515153231e-02
1.359275441549609442e-02
1.712125044008261376e-02
4.375516732120632302e-02
3.873197648815573935e-02
3.036976471409807976e-02
1.187528671515275525e-02
3.528090854250687247e-02
3.537282014417908460e-02
3.401404896440157755e-02
3.103272073789181684e-02
1.211572500367485983e-02
3.873884325177257004e-02
2.089851995759695047e-02
3.125603506422952593e-02
1.897707842920826060e-02
4.455393018111786230e-02
3.779416403508317757e-02
3.352640582560278970e-02
1.056286413253453016e-02
1.483003958810846790e-02
3.813465176766817066e-02
3.537156462946267066e-02
1.516546796887416337e-02
1.264290964032499520e-02
4.183222156171706452e-02
2.181130500641981218e-02
3.477262020994498215e-02
1.460406811492331869e-02
1.713250073272687413e-02
4.012340171425998747e-02
3.608421914913184647e-02
1.325802227727157501e-02
1.391639574058489703e-02
4.046261662627836930e-02
3.960711375734282669e-02
3.403451727259648729e-02
3.412876040742218731e-02
1.721469133831909915e-02
4.135402439442525946e-02
4.174823520220738438e-02
3.969361342736110743e-02
2.071928523860797067e-02
1.526691261322499216e-02
-4.646191191137960530e-03
4.194863831992967640e-02
2.725400905300057186e-02
3.515157207373614812e-02
1.538884317356714604e-02
1.885015608370144147e-02
4.294264271069170302e-02
4.249408770261531298e-02
3.802079123188040199e-02
2.279044779287661693e-02
1.704081011852220939e-02
1.792476873668913395e-02
3.615008725910084930e-02
4.298478252209203543e-02
3.446640477232160160e-02
2.594874579154105021e-02
1.876324495637904377e-02
2.930854540616811832e-03
3.596751186360092056e-02
3.382338011057783866e-02
3.590169988392116762e-02
3.312579522208292104e-02
2.056533905827173658e-02
1.629733360917295926e-02
-1.465268438862643574e-02
2.762977043330538951e-02
3.514061818910296786e-02
3.172554758886964033e-02
1.702926297615536821e-02
1.371270749120900856e-02
-1.398222923226077885e-02
3.163044044710661140e-02
3.602259354034414995e-02
3.355714574269968997e-02
1.837042745084516149e-02
-7.263720213556035254e-03
3.293470489993288730e-02
4.073148638837409408e-02
1.837911492407473535e-02
3.851019050573672997e-02
1.354378840918302185e-02
-1.677342606202636421e-02
4.639553220091952035e-02
4.342137328054951340e-02
1.718694503401485552e-02
8.346652359960349266e-03
-5.883562526612262644e-03
-1.198281900055475635e-02
2.980009422485785375e-02
3.449211869800450359e-02
3.155061509964962596e-02
9.930477391801861842e-03
-1.699282024408010905e-02
-1.098168916821473662e-02
3.646396398676154949e-02
2.252967886502282857e-02
3.975052993628003239e-02
2.991133342207352719e-03
-1.785402925071721825e-02
4.755701955184110652e-02
3.558670336555924685e-02
2.801624196594415528e-02
3.914618366205802058e-02
-3.007414818022580150e-04
-1.739246307808073322e-02
-1.297902242758419700e-02
2.236396449419952859e-02
3.117868278870705723e-02
3.021161146639139705e-02
1.858482769851255156e-02
-1.900153937506976476e-02
-1.130864960656030593e-02
2.374495725269898383e-02
4.919469953176647259e-02
2.165897321930471131e-02
1.571756741593413609e-02
-9.993380775573990071e-03
-1.542157600601357093e-02
4.511538719184204904e-02
3.617569302816381338e-02
1.970178475752826230e-02
3.232986186210218271e-02
9.674639014091157563e-04
-1.849746565654764030e-02
-2.825997852406247901e-02
2.305106515576382797e-02
3.470515150660469228e-02
1.541743986889554385e-02
1.172311130403061452e-02
-7.872256118762632759e-03
-2.263024634273824720e-02
4.602408583825334798e-02
2.003875466762239377e-02
2.789284906454836399e-02
2.655289816508288325e-02
9.754280035783990943e-03
5.029432779655285124e-03
-1.923630692739697334e-02
2.330192176262735337e-02
3.110660617692506680e-02
4.916338869961278668e-02
1.509852682168921767e-02
1.023962187029964221e-02
1.744889096867763278e-02
-1.600279959412942432e-02
-3.820578547761377397e-02
4.123127803300385974e-02
1.885901255861288650e-02
3.960478476567697026e-02
2.382879146576555307e-02
3.589059464726568338e-03
6.556982119095722261e-03
-1.842408795468042371e-02
-4.439006983976756526e-02
3.980476499434493221e-02
1.892290470966928595e-02
2.378500527136229170e-02
1.687022774979779483e-02
-2.195348577509415033e-03
1.488284100975667545e-02
-2.071806469687242913e-02
-4.408183301290236056e-02
3.213271714591192652e-02
1.860023496188145664e-02
1.944615581554853811e-02
1.953261609415524180e-02
-4.701212106216753894e-03
1.385006345804373762e-02
-2.141681625679292544e-02
-4.430155207685981811e-02
2.970270674229447128e-02
1.750845902394093656e-02
2.727550895798713793e-02
1.310680357179155875e-02
-1.092896508657620336e-02
4.609712673860566490e-03
-2.317696761641940828e-02
-4.913804611792116361e-02
-4.192864409643870527e-02
1.397462107942448739e-02
2.731524365835114043e-02
9.051609937233029424e-03
1.167816174213587299e-02
-2.291101960267827309e-03
-1.647464894916150779e-02
-2.406868590755872894e-02
-5.497102856886582067e-02
1.357406152981111003e-02
1.506065345287799229e-02
3.532549530224859957e-02
6.826778106781228317e-03
7.325616746254204337e-03
-6.204150463677449157e-03
-1.220837373567917883e-02
-2.167356728900926566e-02
-5.770327898928861998e-02
-4.208237168114081772e-02
1.557217342058991871e-02
2.222401330249790252e-02
-1.106602261056155445e-02
7.932336387638461161e-03
-3.190474584492675181e-04
-2.063618774580733284e-02
-2.464696229947993533e-02
-5.835469815203886412e-02
8.284973796259587075e-03
1.195462675514424866e-02
2.914219993812394716e-02
7.550076578138331662e-04
3.616743911329267647e-03
5.301116341155265310e-03
-2.405231614224145886e-02
-2.113961367833383509e-02
-5.844729708934337520e-02
1.040067679058476191e-02
7.740720514833876464e-03
6.760742835483668500e-03
-2.875645858710695890e-03
-3.484249179598733481e-03
-1.792358619003042719e-02
-2.506717137960245978e-02
-2.864614530232556522e-02
-4.058754792876406725e-02
1.429320883532037012e-02
1.311007624323312637e-02
-1.943441050965866168e-02
-2.735354596238631641e-02
-1.977068612354293542e-02
-2.249535190730800327e-02
-4.790590773534897373e-02
-4.077475566197363843e-02
6.113191698388864559e-03
-3.389731390710193359e-03
-1.457894720634045349e-02
-1.617963779682661529e-02
-1.959423431581719388e-02
-2.500987784707731088e-02
-3.953706467261086654e-02
2.694399895334154138e-03
1.252416451016091781e-02
-2.714860815743985745e-02
-2.902790682200595551e-02
-5.388061183570380663e-03
-2.506491859960491286e-02
-6.270881216553203519e-02
-1.426214916544488176e-03
8.510846787619152920e-03
-3.449639954565375533e-02
-2.966917613322406222e-02
-1.797386772165010527e-03
-2.460350852903447905e-02
-6.019305975191124869e-02
2.685014105333616286e-03
1.148070703366588230e-02
-4.732788880503480122e-02
-2.316424807356654014e-02
-1.567901346406874730e-02
-2.156124443570650584e-02
-5.361428163626758003e-02
-5.145675717907505220e-02
5.096803894481749531e-03
7.300781578685855422e-03
-2.917380543781478153e-02
-4.369549869423061672e-03
-2.153875419437167871e-02
-5.659021452825807597e-02
-5.824241821724496226e-02
7.111739148451201586e-03
-3.031902554657284199e-02
-3.616757098716816277e-02
-4.974216204962758625e-02
-2.261873609974063282e-02
-3.124115644678993053e-02
-4.108330997372744431e-02
-1.114262816336630824e-02
8.407451346732486286e-03
-5.892208656659764232e-02
-7.394059395950963731e-02
-1.050266142559197480e-02
-2.082189273786771988e-02
-5.557552931675568963e-02
-5.910660450918170383e-02
-6.747889091530567818e-03
-3.390225340552388555e-02
-4.683355629252938801e-02
-4.609127792158614068e-02
-2.172878306466607956e-02
-2.160795332781317857e-02
-5.449412651207585778e-02
-8.828920783253979554e-02
-4.814486524170380477e-03
-1.012313831381250750e-02
-6.617842243646265832e-02
-4.481029520387103116e-02
-6.922856728372128732e-02
-1.474639496804874828e-02
-2.082503321898376836e-02
-3.567681135480993415e-02
-3.569155493057907247e-02
-7.646381984228001194e-02
-1.820334733791706405e-02
-5.062272104063514355e-03
-6.471720687610738043e-02
-4.667754655732958557e-02
-6.018679344855820679e-02
-1.942478715153794777e-02
-2.327759905919446481e-02
-6.019510890962587180e-02
-3.782592239982196514e-02
-7.667092080533455256e-02
3.543906712371147627e-03
1.983367701887783774e-03
-3.147360376256347347e-02
-5.508047988385489369e-02
-6.742009030626799904e-02
-1.658592204606690323e-02
-2.715685565760939113e-02
-6.298566474388200831e-02
-5.841415347864165053e-02
-8.676848466543218841e-02
-8.718618858362930935e-02
-1.655871026113309163e-03
-6.889825676305250113e-03
-5.320101263063992114e-02
-4.788116574247858193e-02
-4.474203118298542003e-02
-1.920075708489921151e-02
-2.547927951538486724e-02
-6.220787015323581137e-02
-5.773459677674608326e-02
-3.873344395833400178e-02
-8.009174182976441791e-02
-5.264000942216462420e-03
-8.413273469890958367e-03
-2.747589488852786310e-02
-4.405466862292362062e-02
-5.157117255360876840e-02
-1.990278425660763073e-02
-2.577795887162181998e-02
-2.408243739332005529e-02
-5.921798856790294607e-02
-8.875622475467659367e-02
-5.669238043957458562e-02
-1.167469222571204668e-02
-2.413820368620478440e-02
-2.841693924705140928e-02
-4.536561490740220748e-02
-4.476655243429622510e-02
-2.073430540339904482e-02
-2.486876619427802471e-02
-6.181416867805422655e-02
-4.475394382161412832e-02
-8.919987570011911338e-02
-5.182281062344862299e-03
-1.105701435510209052e-02
-2.677022666480743940e-02
-4.383776917313597643e-02
-4.474155205156593595e-02
-2.216167687815961962e-02
-2.480425114468687298e-02
-2.346193891963443967e-02
-5.087291426975604214e-02
-9.253362782720631063e-02
-2.588817525023368038e-02
-1.715197560929870857e-02
-2.485356834158669592e-02
-3.871599612754472730e-02
-3.312642784485736458e-02
-2.157562394253442761e-02
-2.338403535224142793e-02
-2.330712354522068708e-02
-5.511020029847735202e-02
-8.311651455408020084e-02
-2.730028318918442665e-02
-1.201797790883885053e-02
-1.455900399060716666e-02
1.816252869798107294e-02
-2.477379916331605425e-02
-2.685246979382011068e-02
-2.377765601404657758e-02
-4.181209613021374949e-02
-4.742803035379983267e-02
-7.185667490170688509e-02
-2.258008089876190061e-02
-6.959513533551842102e-03
-1.483550639084496581e-02
-3.024796276094637859e-02
-1.763393086889208927e-02
-2.853613121756648496e-02
-1.976157715825325317e-02
-2.235265298169775150e-02
-2.285421182064728551e-02
-4.758856416790246957e-02
-8.174295813593501769e-02
-2.915926772255161836e-03
-1.278003338572331060e-02
-1.232403722461805629e-02
-1.868484530112957120e-02
-7.372093397146284310e-03
-6.209858938492895941e-02
-2.139765342612831578e-02
-2.317604385979776804e-02
-5.666162033891175565e-02
-3.600445561487586321e-02
-7.014589977665247611e-02
-3.392909448925562899e-02
-1.103037082836466620e-02
-9.140187172931413251e-03
-5.142474247019268585e-02
2.554008277983355057e-02
-5.400373166726368801e-02
-1.991223868325853186e-02
-2.067163069418831434e-02
-2.220493163462300412e-02
-5.617511394395469093e-02
-6.385181482130158903e-02
6.065091058264082680e-04
-1.312131451078402122e-02
-3.417903929207122271e-02
3.542041570234966130e-03
1.134414554051010882e-02
-4.472426449932126458e-02
6.542027653493182049e-03
-1.878312554141614577e-02
-2.226640024803316908e-02
-4.925582986030418997e-02
-6.683611033197767171e-02
-2.230798368129088827e-03
-4.005692093763435491e-02
-3.913214285544319715e-02
-2.224177615909683770e-02
-2.600899049632121596e-02
1.077818282162004704e-02
-1.221260503519561169e-02
-2.220519193438963423e-02
-2.776562835299700716e-02
-4.009028142854820231e-02
-5.014572828800434312e-02
-2.199134221054288574e-02
-3.012255641616654045e-03
-2.263089358153935748e-02
-1.294753648659630052e-02
-7.679963690057667325e-02
-8.651913168322700187e-05
-1.248990110546177590e-02
-8.381519289542033180e-03
-1.817450846023460631e-02
-3.007339023011623702e-02
-3.473424391993884530e-02
-3.078463598105152244e-02
-3.244216521088760796e-02
-1.076304321341606945e-02
-3.267913929538746043e-02
-2.234002506425725176e-02
-9.229036974782989233e-02
-2.835394282373171482e-02
-4.352720513463537166e-02
-1.581506719368774849e-02
-1.989881609435795173e-02
-4.788964490370473115e-02
-4.310703704795171287e-02
-4.169444993143256450e-02
-1.384235433331765242e-02
-3.953503570835126268e-02
-2.214844473272470360e-02
-5.016028114341419819e-02
-5.038655164850702750e-02
-1.596655543762132146e-02
3.173749859110731875e-02
-1.391397422030637987e-02
-1.972764800995441270e-02
-4.361945848235015966e-02
-3.089669450644494386e-02
-2.649173557844036742e-02
-8.159384901377103594e-03
-3.617424377362932209e-02
-5.200201238682422566e-02
-7.722602047074778042e-02
-5.786394264671423926e-03
-8.282424535731303106e-03
-8.638190822308211558e-03
-1.883248748959676089e-02
-4.248024866573318903e-02
-1.945472319375862735e-02
-3.677621956170101791e-02
4.417557954564055311e-03
-4.136876063910688295e-02
-4.696633977022957041e-02
-7.526691330308588057e-02
-5.954793429509186442e-02
-2.638834686540802998e-04
-1.502986300269826270e-02
-1.857550097914772991e-02
-4.167566845578152268e-02
-2.079847537103896027e-02
-3.798901800059234501e-02
-1.433761604571154313e-02
-3.464562656103864491e-02
-5.331131789869159032e-02
-1.049519588219197663e-01
-2.617068191688021184e-02
-2.624769200135268488e-03
-1.272870966613126598e-02
-1.515829309321725660e-02
-3.427466360845743409e-02
-1.905607039284196169e-02
-3.376132820101124254e-02
-2.464399641955966613e-03
-4.634714576209397752e-02
-8.406512409748601033e-02
-4.397160499816632484e-02
-6.794997076323150420e-02
-6.451361119490073293e-03
-1.495131662020898755e-02
-2.312905145501065185e-02
-2.083505507974336979e-02
-3.082715803748042882e-02
7.971836075379545861e-03
-5.177281189249649529e-02
-1.024170501241904452e-01
-6.333118587478503425e-02
6.516394154606919287e-03
1.561102192297103564e-03
-1.077549470208050142e-02
-1.978340134158118602e-02
-2.064271725960609150e-02
-2.692149314663078163e-02
-2.373852039936741321e-02
-5.181436612007173093e-02
-1.069338189106496806e-01
-5.387934345202749498e-02
9.134977307681979575e-03
2.926886510221438087e-03
-1.352517093365834810e-02
-3.399606410176236881e-02
-1.248720405297187863e-02
-2.282464749490570322e-02
-8.499122973947281778e-03
-5.724055336423861107e-02
-9.621457060200100386e-02
-6.089515016084490195e-02
4.417646412132271438e-02
-5.432546784848502064e-03
-2.382793741381250552e-02
-4.106753517365435702e-02
-8.528696450363359993e-03
-5.480215467653509753e-03
-5.527817980138993725e-02
-5.476187943040955464e-02
-9.592720915978236729e-02
-6.745399708584898235e-02
4.115742121537482867e-02
1.108193176007077341e-02
-4.844461865504801068e-03
-3.514165970461924360e-02
-6.846842882103465477e-03
-4.440503777846882549e-03
-3.298731196204884863e-02
-5.187685107145800778e-02
-1.085034711818992914e-01
-7.069063853167967260e-02
3.542578624137643351e-02
1.292820041283282428e-02
1.733489263876508701e-02
-3.150889666098144470e-02
-7.877190033164005456e-03
-3.290210164050830222e-03
-5.241080240765028098e-02
-8.080777135943306710e-02
-8.389167676337494495e-02
-7.196637212458789623e-02
3.129178552685710213e-02
1.368704829486555585e-02
1.776828563868659838e-02
-3.788405511115799928e-02
-4.230618002192931826e-03
-1.157498575195699264e-02
-3.516883775468238049e-02
-4.222048199186012596e-02
-8.473427928452637037e-02
-9.094933277605221633e-02
-1.838245097547358542e-02
1.399562650731726865e-02
8.908170149819594208e-03
1.938338460891642079e-02
-6.952038658837422780e-03
-1.076241579747755361e-02
-2.431549972934599069e-02
-4.184336285717182857e-02
-6.851029829197841092e-02
-1.042985134111042989e-01
-7.025802026687899549e-02
1.136469776724541303e-02
-3.880841639595372650e-04
2.553605247474777240e-02
1.859178783460835316e-02
-1.544623548458967655e-03
-1.568785639163101236e-02
-4.144002436378491083e-02
-3.980754772233119354e-02
-5.027627635748432855e-02
-6.493050016906987132e-02
-5.885868237459246366e-02
-4.477743600245764899e-02
2.183990050780937331e-02
2.239929625001990665e-02
-1.898183190127733511e-02
-1.001223045934979128e-02
-2.779183410435259738e-02
-3.436879368828349435e-02
-9.433859936788335787e-02
-8.730751586532636832e-02
-5.597676181012645191e-02
3.135946311922727103e-02
3.118589901183110857e-02
2.756668619186053437e-02
-1.731738337055932497e-02
1.799246504986862227e-03
-7.110644370472485321e-03
-1.934005451102183137e-02
-3.110639706951190409e-02
-8.292875959999512769e-02
-5.399341172394589439e-02
2.586809085831809352e-02
3.419926422726937698e-02
3.313539247309227331e-02
6.318191797144434574e-03
-3.048920117836972921e-03
6.753852173311925000e-03
-1.733851840888733786e-02
-1.195237339498878004e-02
-9.719097244437591154e-02
-5.096231480243917922e-02
2.257984476455310308e-04
-1.454714627036371444e-02
5.373566930054851642e-02
-1.038185659597812283e-02
1.056909306019548911e-02
-1.906710284224470697e-02
-1.836254339331011565e-02
-1.030993010667879961e-02
-7.498055500024825015e-02
-3.567695878746890426e-02
-1.954402547536537860e-04
-2.784401845146156074e-02
3.933547441970719483e-02
-1.129707053572370778e-02
1.634933532583093818e-02
-2.013575319658535145e-02
-1.106576651364443720e-02
-6.325620674556997614e-03
-6.316576112412386479e-02
-2.561786808069410615e-02
-2.276264737762850876e-02
-3.555219299945405753e-02
6.499013697965227987e-02
4.802271290276904914e-02
1.120814633915279135e-03
-6.363446852457016467e-03
2.331126715912523739e-02
1.594058749501969796e-02
-4.908138791117944155e-02
-7.487159467695458925e-02
-2.006598609881699025e-02
-4.755659671948425649e-02
6.783791581108400415e-02
3.766893607406351929e-02
1.355591970475789054e-02
1.404213016308220041e-03
3.087897190490196397e-02
9.874152143027115081e-03
4.108766890537296490e-03
2.344602979979071300e-03
1.777414145386330135e-02
-4.859474084767842483e-02
7.374366737153059681e-02
7.283404305661322908e-02
-9.044088748766943020e-03
2.567246714836590726e-02
-1.680821528998825698e-02
1.148183505865552068e-02
8.714880567250338217e-03
-5.950476946971572367e-02
-8.074535137915339611e-03
-3.821766291119832459e-02
-1.372496786733048979e-02
7.246842357703842108e-02
2.899997971540735353e-02
-6.576782774178946411e-03
3.498054118681737101e-02
3.903400916439303536e-02
2.116186761075511402e-02
5.916877995944425095e-03
-6.672867511888080916e-02
8.662391666184099392e-03
-3.703530013607397864e-02
-5.503633169721217078e-03
8.825070702282022950e-02
2.326713126128432396e-02
1.718873491646932816e-02
3.110038389635877421e-02
-2.656181288851981043e-02
2.254771904111518843e-02
2.227441432030108359e-02
3.051872327782811922e-04
1.041770248388818043e-02
3.264735211393565706e-02
2.732212366671205039e-03
5.541801940496871026e-02
7.005182990140712551e-02
6.141812204589436330e-02
-7.364915075482536544e-03
2.715508431845595205e-02
3.119756882465740677e-02
2.173760004927527412e-02
4.878917305807695115e-03
-4.721813382676265380e-02
1.708286661131819262e-02
-1.544552582276237374e-02
2.327404987425873983e-02
9.474508978732198994e-02
8.013848010555668644e-02
7.318508340225626796e-03
1.356723936584292023e-02
-1.425805514186612166e-03
4.604571667435874982e-02
2.611927207678432783e-02
-5.125512373736174077e-02
1.130266928485557099e-02
-5.153195465867566050e-03
-2.899438121350195185e-02
6.447310194401156824e-02
9.133656487608887709e-02
5.393076432171861612e-02
-1.067626669454102561e-02
5.098601249602363605e-02
3.806661063624539043e-02
1.123047734688709109e-02
-2.338042829880815354e-03
9.195646291917713988e-03
2.075327587871333979e-02
7.851278984946175044e-02
6.749172546130177697e-02
1.021145986991175425e-01
8.244032034923010066e-02
-1.929727936065273042e-02
5.246947367704751786e-02
7.967877316799265586e-02
1.440677996454964305e-02
-3.301899928380036542e-03
2.381135609518858498e-02
2.158953973827937300e-02
6.014017942217786405e-03
4.650435440045341817e-03
7.881470031672888066e-02
1.096097514199781964e-01
7.780823498196254295e-02
-3.029579290074202458e-02
2.263109809614469170e-02
7.194625556686518042e-02
2.131257260508956364e-02
-5.582786687587881769e-02
-3.293008160082178115e-02
-2.561552385328724757e-02
-5.031162108115533327e-02
8.688597105704709556e-02
1.101917678335970763e-01
8.639081718910845975e-02
3.239595336257949931e-02
4.873881433247700956e-02
8.634741418908331578e-02
-5.834522262873398368e-03
-9.772067035197840035e-03
5.205279957231412347e-03
1.584600942771186016e-02
-3.439496384562551468e-02
-3.027937117568055281e-02
8.128456093808500427e-02
9.999801619840575917e-02
9.129011663316222158e-02
-2.412337304717498965e-02
6.292968624435341107e-02
5.576066396732448638e-02
6.188001065454029614e-03
-6.512544921456919766e-03
-1.088872262168660843e-02
9.570738928018074354e-03
1.155028203699048905e-02
5.046122693314036844e-02
1.121038863279428810e-01
8.808299576388356478e-02
8.974709652282664152e-02
-4.110555541804111757e-02
5.607620526066844913e-02
7.477589372696702430e-02
-2.361035911320408243e-02
-4.933992683221621878e-02
1.496612445507250477e-03
-8.714229794759553727e-03
3.492502439814504367e-02
-1.212163632210871977e-01
1.033586123891272468e-01
8.044728919898302966e-02
9.988869177979997627e-02
-4.979918990933174250e-02
2.184246005411102920e-02
-1.083792914016201703e-02
-2.385061924574383152e-02
2.122227433719092726e-02
-5.007808134099867026e-02
-3.992988393180418871e-02
-9.070943716174667548e-02
9.477063984802880370e-02
1.208921963300156888e-01
7.215806998427021224e-02
7.160752476375853437e-02
5.789719887663735687e-02
5.093327056859220381e-02
-2.918412073327569800e-02
6.572483938993722852e-02
-1.211485451610860853e-02
-1.144534202424207781e-02
-1.916625382770764663e-02
-1.949758000796297797e-02
9.824842486863061275e-02
9.421162600802601705e-02
9.218771160209271454e-02
-6.119165584954289194e-02
-2.864989439558496276e-02
-3.118362764040594204e-02
-2.519743684619524249e-02
6.153029289120071077e-02
-1.636712268421758321e-02
-6.436903433730656321e-02
-5.308965536467979973e-04
1.130634416139911780e-01
8.064937194671895071e-02
6.070598715003794332e-02
-6.029486094160879661e-02
8.844097350079083153e-02
-2.338264335534856464e-02
5.095627203463393151e-02
3.447949832921115565e-02
-5.081122328441056712e-02
-1.268879103655309315e-01
-4.481132336915982783e-02
1.020564537451285059e-01
8.812255297544691057e-02
9.023153949675211116e-02
-7.339960549629548359e-02
8.829043734562813661e-02
-3.403956514849448833e-02
-1.045175436494782950e-02
4.295095441721397123e-02
-1.141095235408137176e-01
-3.515421048741257382e-02
-9.334838001314828271e-02
1.085983861100553449e-01
9.654588053123880353e-02
7.288624674408139548e-02
5.705177012586629126e-02
4.152086467793547619e-02
-3.414425776339979901e-02
-6.878543989200303077e-02
-3.834916059059223503e-02
-1.353948165549996308e-01
6.820123789782805979e-03
9.565864384879763094e-02
1.266209920968197622e-01
6.965225651825623920e-02
3.274394505557437496e-02
6.339041462989913889e-02
-2.252246655532841313e-02
5.383804438850114948e-03
-4.158971851845916223e-02
-1.488301224076185036e-01
-1.175783763626958578e-02
8.348645241357299795e-02
1.304265420305795731e-01
6.162190436657621895e-02
2.831038512193104206e-02
5.528852248294680027e-02
-3.499910229141900420e-02
3.486868422997169148e-06
-3.909296623413938132e-02
-1.006454849332825141e-01
-3.853731382975678077e-02
1.009647903512528311e-01
7.920314118920424029e-02
4.883548021052819266e-02
4.112734563468224691e-02
2.186779804612626332e-02
-2.973963061656437201e-02
-5.957284920142569273e-02
-4.995097420856675630e-02
-6.741807921219422628e-03
-9.056256360058870247e-02
1.163821563746018084e-01
2.407455032951144602e-02
-1.054973495460139743e-01
6.353467385756494945e-02
-1.895497354465902617e-02
-7.863167231225709486e-04
-1.677863595364648130e-02
-9.808496153337509238e-02
6.090862945359987179e-03
1.140241107243429586e-02
1.316464297368770131e-01
1.500569245889382675e-02
-6.852467264001474434e-02
3.738661604029924757e-02
-3.440860117870214729e-02
-7.220654410606819340e-04
-3.599263292381604806e-02
-8.983099154700302513e-02
-1.325502033426684267e-02
6.841714051085978632e-02
1.233123095475154862e-01
2.722598491826822009e-02
2.324911303889921899e-02
-1.774297756321230324e-02
-1.719021304045853515e-02
-1.944406782680219159e-02
-3.240084650769403662e-02
-5.896978262725782738e-02
-4.869417748268217716e-02
1.226712919259911327e-01
4.893122099363877986e-03
-7.123536678452818682e-02
-2.334449962630325004e-02
-3.291269127160434405e-02
-1.323907084729269990e-02
-2.927969093674021028e-02
-2.521326507354859636e-02
7.104286524115765999e-03
1.037448074698724687e-01
4.894139125618490738e-02
8.629293808854243686e-03
-1.410499589367522622e-01
-2.609332614392778638e-02
-1.000726835454235353e-02
-1.716516740078710690e-02
-2.744133726129927009e-02
-6.013223585888893830e-02
-1.391990849856006296e-02
1.175497547146386879e-01
1.478253094156611880e-03
-2.656472195382802992e-02
-5.725060876406554145e-02
-3.208277638461420889e-02
1.786734404889311900e-02
1.424354496103452661e-02
-1.134864647901900891e-02
5.680007025304456558e-02
1.351928262633561584e-02
6.365164377667997808e-02
3.701009764606455477e-02
-2.042529441827484193e-02
-1.156915219421342789e-01
-2.916033811741158832e-02
4.707087617099259269e-03
2.893814608370570696e-03
-3.439577342319255493e-03
4.592791367468485042e-02
5.135171670009652800e-03
4.980543113172797298e-02
1.083854965477466514e-01
-1.848613137284349506e-03
-5.701125547917806902e-02
3.627888698280412605e-02
-2.695742928207800482e-02
2.745025592519545476e-03
-2.602116003617815920e-03
-1.024222046964395894e-03
6.097001083893210938e-02
3.190750649724038990e-02
6.406706522990743280e-02
1.022443782042485871e-01
-2.837370802984073848e-03
-1.023977291477218277e-02
-1.402542119195748505e-01
-3.619201727085397113e-02
6.004671299698727260e-03
2.133017929369485088e-03
2.642725132666989829e-02
7.737157408371775347e-03
-5.764857701279002544e-02
2.845795418807139932e-02
1.691881764608882399e-04
9.577011526085843496e-02
-1.112638308587654556e-03
-3.111737483951476646e-02
-1.374612593127357285e-01
-8.440203060685713687e-03
-3.446724535867518036e-02
-1.166786389097174137e-03
-8.091127538876197178e-04
1.216661036113442229e-02
5.691272841790995241e-02
1.567806297732510235e-02
3.892097530105498304e-02
9.088524272518072600e-02
2.957142722539407576e-02
-5.277895825901657290e-03
-8.286226824537445967e-02
-7.820042568608021050e-03
-4.103774661024173209e-02
-4.169345864573514859e-03
3.750308492702858487e-03
1.839897639455279066e-02
-6.430618186899422772e-02
3.699627310654030055e-02
6.571077374365852375e-02
6.848884289434242767e-02
-4.604067610977091718e-03
-5.060281222563589587e-02
-7.589918027579800608e-03
-2.988384758499174065e-02
-3.424864257810078527e-03
2.826824083803636256e-04
2.545594372009352124e-02
-7.013034404556961476e-02
4.293822415462300590e-02
3.410539935547851620e-02
7.491212607273911583e-02
1.878593871451395003e-03
-4.226855780221022707e-02
-3.186796417200465914e-02
-3.416682219244238095e-02
-2.020293310039056323e-03
9.344617068642202540e-03
5.316971465426068022e-02
-5.706070692662368327e-02
4.331759530092915700e-02
4.929222285042106355e-02
2.162154128812288079e-02
-6.152468832071100735e-03
-5.569671612768989366e-02
2.951949356852501261e-03
-3.902772397623699430e-02
-2.784107773327049173e-04
1.357254504287230823e-02
5.678524432120601872e-02
-6.457752174619629804e-02
3.801508892322186250e-02
3.775067300596618436e-02
2.828091474618943391e-02
-1.102743771748398993e-02
-6.864515651170299826e-02
-4.438768229828971013e-02
-1.421804160964190711e-02
4.873314809382522927e-02
4.590247296058103110e-02
5.035016857381802158e-02
-4.101081433621622807e-02
-4.545918101956393509e-02
-8.682562982913422100e-03
2.421452509672572528e-02
-1.365609213375251763e-02
-7.962686374096225594e-02
-4.804279768365427028e-02
-2.538109756573514453e-02
6.238802789178199415e-02
5.513462612499975268e-02
6.307988742484060829e-03
3.920643508414511924e-02
-3.816003487966135310e-02
-6.625099741750659077e-02
1.944681530359526622e-02
-1.082961524815806431e-02
-6.861315773541046270e-02
-4.865065276022839669e-02
-2.527471649318446811e-02
6.592627647452853346e-02
5.635795605392290852e-02
-6.951816662026916172e-02
3.042820998886863748e-02
4.147993481247502778e-03
5.842714095561329923e-02
1.294770540488054955e-02
-1.840241635588074631e-02
-4.708320356657402783e-02
-5.259299570975373150e-02
5.618980788324878795e-02
6.360395217598469042e-02
2.678333910649988159e-02
2.306982720930639275e-02
-2.880953517968565247e-02
-6.037341727875276259e-02
4.640478594563401948e-02
-9.169871159562914542e-03
-5.524796820783917095e-02
-5.193468806701706519e-02
-3.888461864333470075e-02
7.420333940072232348e-02
8.115628261163210233e-02
-1.049350794602939008e-01
2.269770127062165077e-02
-2.357051639796331477e-02
5.368306985959947486e-02
3.629043930703690357e-02
-5.571828428035774383e-03
-5.707150109309219732e-02
-5.117591937655519008e-02
-3.995716847382935200e-02
1.823041760384824794e-02
9.162978096327911715e-02
-1.142903918542768071e-01
3.020807721290208470e-02
-3.444846975712401171e-02
4.970003429628444547e-02
1.324877803165580570e-02
-1.643057284715393473e-02
-6.272249959624323634e-02
-4.773471845539911662e-02
2.221652581593902553e-02
3.401087642625799656e-02
9.494035085235708049e-02
-1.183108045798779706e-01
-5.459861049753891860e-02
-4.535961371319391366e-02
5.649788076932182879e-02
5.006290940423008262e-02
-1.223270274173793304e-02
-5.623149484405870480e-02
2.470291375507249754e-03
-3.020074890720247929e-02
5.657274765773701031e-02
1.038815473616221396e-01
-6.104362061719637023e-02
1.782112798125401465e-02
-5.775095172429980939e-02
-3.633042588136113638e-02
6.107843278876023962e-02
-5.527573709875055474e-03
-4.942872894145183826e-02
-1.869623924222041378e-02
-4.189255813518055760e-02
6.927197158976139413e-02
1.067135237431765526e-01
9.705528971922361414e-02
3.821485680877700908e-02
-3.653011395793853699e-02
-1.038603632471991611e-01
1.444112111372097829e-02
5.837801535590247948e-02
-3.119962090821465361e-02
1.467977302183287591e-03
-3.547842534766387779e-02
-2.211961623855218662e-02
1.061509817182693105e-01
1.166968192559481032e-01
-4.640903441650978678e-02
-4.170311181606711770e-03
-3.197961093682977207e-02
-1.247209885679189112e-01
4.786700965582624256e-02
6.576330937876151417e-02
-2.549495146266955725e-03
-3.599771145579166998e-02
-3.570672026804988519e-02
-2.561914066392334544e-02
7.993980643891895888e-02
1.162997123256561682e-01
1.080717830224949827e-01
4.316535025436174511e-02
-4.950398105315015340e-02
-7.969844947806931090e-02
-2.112968273723750401e-02
6.197710537485856541e-03
6.603971898008553776e-02
-4.713083617904259559e-02
3.888715005081810894e-02
-1.508524927229581980e-02
4.152251897877712317e-02
4.740442278743539628e-02
1.174318247328762777e-01
4.581053222574604789e-02
-3.773371227519883853e-02
-8.259077520315633025e-02
-1.165665646310586057e-02
1.366179261161692970e-02
6.796922856840248439e-02
-4.057218955524621862e-02
3.562877766525107681e-02
-2.890400398148140759e-03
1.222320792817683799e-01
1.329710454806832809e-01
-8.036380036453960596e-02
2.367034439438808757e-02
-3.246216627760623030e-02
-9.429819032940475743e-03
1.839080908804546777e-02
7.044252744357604179e-02
-3.660096677316657110e-02
-1.766323128206492843e-02
2.210390280337615199e-02
7.704477249000352135e-02
1.304030613737842126e-01
4.446500111253848253e-02
-1.807255160358939294e-02
-7.599574363728756055e-02
4.196245741058327039e-03
5.830497897155195730e-02
2.469186735830924961e-02
-1.148250671683548330e-02
-2.330332002258961310e-03
1.080245834881061739e-01
1.396042624744557870e-01
1.261668965993444358e-01
1.773568205621933735e-02
-1.411684101206212016e-02
4.933699547499503790e-03
6.380300601754207435e-03
7.545741885890611123e-02
-4.415481208555073478e-02
5.001128042921632044e-03
5.273960249414222368e-02
1.356886683107938474e-01
1.291199327767811322e-01
1.449432823724183805e-02
-1.234979750690518019e-02
1.763749590273150369e-02
-4.494327219064508938e-03
8.799314061145763199e-02
-5.386270732231443481e-02
1.932335070653401488e-02
1.177622677873502166e-01
1.439796537243280827e-01
-7.830291065464589639e-02
-9.786375621662324331e-02
-7.996829584390896528e-02
-2.197832094266244374e-03
6.349383663938656941e-02
9.546399244084946556e-02
-9.763630726553507166e-03
2.898018551458236836e-02
1.224491683509336681e-01
1.454335223479997774e-01
-8.837135170244725391e-02
-8.166961681920603677e-02
2.345340710115595417e-02
1.397814267821681500e-02
6.478700189117891917e-02
1.006166844383276082e-01
-2.074628847519077723e-03
3.926922384055753223e-02
1.284083928461688950e-01
1.473069996805320692e-01
3.560390483355990732e-02
-7.090377420625415539e-02
2.799991998026662987e-02
1.857575757809937222e-02
6.876226938900831254e-02
1.025397288081999481e-01
-2.763814267420872106e-02
4.289022895986815964e-02
1.333054146755059399e-01
1.451326172550408966e-01
1.459273976003842010e-01
-7.902680762164060457e-02
-1.311326770903253891e-02
5.101068123570190460e-02
5.930149578940002719e-03
9.799969466620483960e-02
6.141654845327548795e-02
3.041998365128173454e-02
7.448937258431909125e-02
9.243571441820430667e-02
1.435922775473190693e-01
-3.198779663039108545e-02
-1.308674017104838327e-02
4.778432362560358637e-02
1.536751777088590787e-03
3.635687143609345195e-02
1.130465672496356322e-01
4.679779272245074284e-02
4.391284818183038841e-02
7.491558635278339207e-02
8.841928703544177370e-02
1.440026840070827152e-01
4.440135932604227786e-02
-3.899327122575746429e-02
-3.887006722183811158e-03
6.215339511082423885e-02
-1.193641137528278495e-02
1.034743367089540622e-01
9.161712624978973762e-02
9.167678240666465861e-02
8.166226727840386612e-02
1.288303210795709308e-01
1.502274358421548106e-01
-3.389478943514334652e-02
-4.375146388242812101e-02
-9.576355147817960933e-03
6.710683432198666365e-02
3.039870193977428636e-02
6.343220959668560699e-02
1.105426674085095429e-01
-2.090038655490793901e-02
7.605019269455270958e-02
6.493378720601539200e-02
1.263023962912311893e-01
1.500643052604923033e-01
-3.506071655086517858e-02
-3.832226623780521368e-02
-3.642587848448619603e-03
4.115459025598391940e-02
1.472107458959809323e-02
9.852213572643542250e-03
1.221391367260932781e-01
4.217765784978258492e-02
5.907165808377567995e-02
8.135434439614508406e-02
1.210533401011735233e-01
8.843766485295878610e-02
1.460907042929719957e-01
3.197697727649351229e-02
9.657478325267476738e-03
-2.015571417026462697e-03
6.047259299987950421e-02
-2.447699838580719156e-02
9.561119396962658445e-02
9.666185878359784267e-02
8.136388261607496730e-02
5.243621612462745496e-02
1.284376293364754007e-01
7.882846653718555974e-02
1.488866103709423072e-01
2.098835512753471910e-03
-9.241005393628376474e-03
5.391631690343778871e-02
-4.432090275346439734e-03
3.507549578130092494e-02
6.048855340437286898e-02
1.168527922664855390e-01
7.472864693606950937e-02
7.532611528522537014e-02
4.661931351821069214e-02
5.104510020186525665e-02
1.043845244628007762e-01
1.370722568017984644e-01
1.122168822304858704e-02
-2.568049618607459728e-03
1.889788878331888355e-02
6.959183532412943629e-02
-2.685947930334209310e-02
1.164932225297977131e-01
5.517040133713593808e-02
9.738266072485801672e-02
2.698913531392532761e-02
1.067938634073190007e-01
8.006215091564394815e-02
1.458881508261080651e-01
1.947230664307975090e-02
2.229588239570845509e-02
4.805855968069372430e-03
1.204117091537218465e-02
-1.403965487599889705e-02
7.527200799378097607e-02
1.010684441506842779e-01
8.153212286046529478e-02
5.014912486274136771e-02
1.241299900619899921e-01
7.420282278318279801e-02
1.348528907752883921e-01
1.360758765386461677e-01
3.064780667903821421e-02
2.859342121640173762e-02
1.457633038014650995e-02
4.280351821781058774e-02
2.716338662839590246e-02
1.209674799531952338e-01
7.085167478241360950e-02
2.943624234175790111e-02
9.708980255561538986e-02
1.290916465919189626e-01
1.432906758230141353e-01
3.623927437274176988e-02
4.720988912190005049e-02
2.334271397900233858e-02
1.314669946840466008e-02
-3.253056659277608897e-02
1.121245154750622475e-01
6.127869811417083201e-02
7.443630338677675873e-02
1.185959886758292114e-03
6.703173413422769400e-02
1.365897876078966400e-01
1.243695997121178065e-01
4.445663423166901218e-02
2.486325246466825067e-02
1.833054386108154410e-02
4.249719774521315552e-02
5.070467749642471045e-02
1.106859343305861554e-01
5.373520339409498803e-02
-3.151558919918640012e-02
1.111358224574263698e-01
1.187511837636721079e-01
1.274413493549569898e-01
4.778539446151541803e-02
3.088347306096994593e-02
2.024523811145979846e-02
1.987057617050580482e-02
8.411659349607769620e-02
1.049627750192302089e-01
2.228967512013868557e-02
-4.182788318612529199e-02
1.072380399825285657e-01
1.123947861210168320e-01
1.244549488166885043e-01
5.087203691259123417e-02
3.280340482038601735e-02
7.044863418698932289e-02
1.693520742356147135e-02
-1.632833633126451467e-02
1.200024707729264173e-01
6.949055676781468183e-02
-3.711053557976629058e-02
9.961358885258231322e-02
8.429328714399630940e-02
1.356349439697974724e-01
7.896078713448384523e-02
8.315284753739737855e-02
5.204034607147511871e-02
2.699543108996557694e-02
8.098843152472146034e-02
9.288198875914144281e-03
1.110658112329503400e-01
4.934272502009517947e-02
1.013224704539061882e-02
7.970209054326660159e-02
7.855217034357098171e-02
1.358167213117794647e-01
7.137022141320625845e-02
5.062511241247236171e-04
3.506322158093655439e-02
2.555886158049466839e-02
7.640200960479226477e-02
1.845931087812874294e-02
1.026978971367190352e-01
4.649698561554571619e-02
4.973420447024756719e-03
1.071441800915262643e-01
1.202309931449270231e-01
1.344708516170277646e-01
5.547551375128456641e-02
-1.138853609476220274e-02
3.551651828651025689e-03
2.890691876464179799e-02
7.713652082993227577e-02
-1.389221443089394548e-03
9.753357598131809358e-02
5.088831828292139647e-02
-1.408802099610817482e-02
9.352777893202268711e-02
1.195825980163467417e-01
1.272169663478627255e-01
5.744119832215344168e-02
-2.387831332659517969e-03
1.239493658780364826e-02
1.204706246366860078e-02
7.307505504758782244e-02
-5.314067363765384577e-03
9.591033753667332906e-02
3.819162526392805290e-02
-5.387938809123227202e-02
9.200194220589852367e-02
1.136820298382539285e-01
1.102622552211273144e-01
7.147341675231477787e-02
4.627017464050742213e-02
1.534372315563968525e-02
7.994576248628426640e-03
7.289747695534665173e-02
-1.978210757599119241e-02
9.379111182741090014e-02
6.544676286274186960e-02
-6.485057779018266189e-02
9.062189844089496571e-02
1.305813109264239991e-01
1.002925385707328365e-01
5.711296971769086461e-02
4.649450182716952096e-02
1.512341101524800058e-02
3.770388279614123039e-03
6.742320215592612076e-02
-2.386008366034264583e-02
9.250817579441711347e-02
-5.201200087531165916e-02
-1.014070572440122220e-01
7.369707435939765183e-02
1.315079812138049142e-01
1.073668614819359712e-01
8.367257273944783691e-02
-4.470677914285681176e-03
4.101581507592239051e-03
3.079726792004183755e-02
4.515130542150286308e-02
-4.102345642137961157e-03
1.578649269335957728e-02
5.024914733687277368e-02
2.601558242325707759e-02
-9.889047884358304064e-02
8.029035089448699480e-02
1.267781944457387899e-01
9.595367844792246359e-02
9.552428520908529119e-02
-2.342039591284317268e-03
1.757679782027415927e-02
1.805974961566575443e-02
5.567460164416226931e-02
-1.357416937327760031e-02
5.515043031535105111e-03
4.886886546528981801e-02
5.504032442388040458e-02
-1.258739800253295682e-01
8.977426871856786228e-02
1.294252995091351721e-01
1.048129359028426855e-01
6.380056460047967004e-02
-4.193948481070464140e-04
6.604419798796140606e-03
2.638992863331152128e-02
2.338599774336713732e-02
-1.905646010081266106e-03
-2.061684852732376116e-02
5.682521198633405657e-02
-1.202283804230215303e-01
-1.139247835295587041e-01
-4.898024648312593321e-02
1.184882290357245349e-01
1.119127147441124626e-01
6.015807951252194474e-02
-4.325287108162378935e-03
1.386087877588743078e-02
-6.899084510588071595e-03
4.828188560030366450e-02
-4.408448557452337990e-02
6.184653779097246118e-02
-1.688000010502653803e-01
-1.219270907926712777e-01
-7.307739661154177835e-02
7.586754264985551277e-02
1.201861644395091355e-01
5.838876946839255400e-02
-2.278538539259078455e-03
2.333546058357108266e-02
-8.284831337796449979e-03
4.465832030294536459e-02
-6.545468217806271749e-02
4.235598816437580183e-02
-1.660742891097198859e-01
-1.108953606342665266e-01
-5.100873248158610540e-02
4.124756200745249846e-02
8.055456788808068591e-02
3.571434302372733516e-02
6.014237176025671872e-03
3.852743070917497015e-02
4.190037468341767379e-02
-4.042780396520617714e-03
-5.518408608692382256e-02
-1.025475006677872836e-01
-1.476454291508770833e-01
3.145079929972893762e-02
1.140961353262761602e-01
8.611145946861109568e-02
5.567318313141045305e-02
5.164899270021061639e-03
4.120177016059400898e-02
1.456304650538231549e-02
-2.714376243200339323e-03
-7.660723612340414324e-02
-1.737196397140561288e-01
-9.282800250975864476e-02
7.212092428525962440e-02
1.184509525176711264e-01
2.744279274593974804e-02
3.509234070131805883e-02
4.237363923507070362e-03
-3.710123589708408387e-02
-3.818232122346798540e-02
-9.476696024847142130e-02
-1.277856488114976763e-01
-1.096231395026617816e-01
7.186549014584209250e-02
1.136266226895600306e-01
2.900487733037571125e-02
2.327681559533245625e-02
4.822462122731185907e-03
-4.504570437142207950e-02
-3.830495357724394978e-02
-1.104432228009477601e-01
-1.743002170555729702e-02
7.067490773791151870e-02
7.108329677064906260e-02
8.770131025809047021e-02
3.835378060653638066e-02
1.285536049768043476e-02
1.675798719982246610e-03
-9.734950294643329727e-03
-2.694721113012343849e-02
-9.901480317550903631e-02
-2.036369045531508659e-01
6.972708038597585922e-02
6.990420976553768373e-02
3.575858979108592628e-02
1.087543724081891927e-01
-8.275160133120018635e-03
1.277256040970792261e-02
4.585272646322141599e-02
2.613684309226405045e-02
-2.915050524790958886e-02
-5.659555051524800540e-02
-1.905330374182595543e-01
-1.282641390179284357e-02
-4.211123334322275369e-04
4.871517858889207186e-02
1.284226242149177910e-02
-1.922762364943519930e-02
5.916621038679070743e-04
-4.192738548315100289e-02
-1.201839969691131937e-02
-9.337977940246945663e-02
-3.657290442645738660e-02
6.350954402245956310e-02
2.431495208653733364e-02
4.730817537473397394e-03
9.733367309068197137e-02
-2.713332264155188245e-02
-1.796387329972859437e-02
2.753771471510457758e-03
-4.126424109588988642e-02
-3.972175575281033932e-02
-2.476043631816621238e-02
-4.556229089743900340e-02
6.323882993798968233e-02
3.673709163411553735e-02
1.174498535260082299e-03
9.394514693212818734e-02
-1.420223098481054880e-02
-2.220285031110136309e-02
-6.049309758113685653e-03
5.177349145532916808e-03
-1.239062710391680699e-02
-8.929854088185085192e-03
2.791310387788492609e-02
-1.569550103706643940e-01
1.130156716260344307e-02
-1.374416749649587377e-02
3.480702927386569723e-02
5.663384053971087795e-02
-3.009524734763113774e-02
-3.341013237960888116e-02
-3.236060140671681573e-04
-2.834263007180137794e-02
-3.134452974937373959e-02
-1.446312594804050056e-02
4.292458245717584164e-02
-1.045494136814522079e-01
2.493839120326901693e-02
5.410320031512361183e-02
4.165293607098929929e-02
6.278639209704262036e-02
-4.284710255677615098e-02
-1.059397622265523253e-02
-4.800786663902867346e-02
-7.135156502094508468e-03
5.296765922339741195e-02
-2.913072822289375363e-02
-1.849275809937173110e-02
5.594064726289982303e-02
-1.891494651980506481e-01
5.219068837474361011e-02
5.229305725896160606e-02
-6.598380081105881256e-02
5.009702280841155098e-02
6.910859884486331151e-02
-5.292549348618524885e-02
-3.117121035988623667e-02
1.488515779173299469e-02
5.853518603017093813e-02
-1.294569000840750661e-02
-5.085819471780342327e-02
5.643715007736832545e-02
1.087093625780941042e-02
-1.044303031703985862e-01
-1.033229062995244529e-02
6.045096711819175628e-02
-3.460740225595426711e-02
7.415536100417952081e-02
-4.426331996601284846e-02
-4.634220974461966680e-02
-4.896829573536676250e-02
1.365493852906801697e-02
5.609409390278008445e-02
-4.943093444219615051e-03
-2.394696428321946291e-02
5.193480820258150610e-02
1.257919531264881097e-02
-1.300050346622714237e-01
7.942458068542657124e-03
5.655211063892806589e-02
-7.499177200632567430e-02
6.005708813443133565e-02
7.192549008260895604e-02
-6.449007926004646230e-02
-6.926798205396245134e-02
-1.551139459529821130e-02
1.717391847812577144e-02
-1.426574261153434886e-02
-7.714541829498638981e-02
1.012762845577807047e-01
-1.720770233606504496e-01
4.545093865643001774e-02
7.225931549135555798e-02
6.208695371572114929e-02
-5.620995594750932689e-03
7.311453563214231899e-02
-6.235083311667632966e-02
-4.338458193942595909e-02
-1.938193264148391215e-02
3.446396581763488953e-02
-1.016118982410219029e-02
-5.989925783432870077e-02
9.613078720879991712e-02
2.214642021458518295e-02
-1.048653794263214589e-01
7.931226389081902362e-02
5.549330459391565995e-02
6.507195460955883526e-02
8.299865539115347524e-02
-4.089949347516397271e-02
-7.584431014247161595e-02
4.929584942485298882e-02
-1.190286125180683996e-03
-3.700131354586710941e-02
2.631837041769825858e-02
1.116441402837721475e-01
-1.259335408747664919e-01
-3.126792415371648648e-02
6.611640105111948884e-02
5.660477515646689106e-02
8.855451344652587320e-02
-3.998314951283921115e-02
-7.716784714175706217e-02
7.134034248358800401e-02
3.151091268376138288e-02
-4.401240013181312305e-02
2.700143717002741195e-02
8.594602053473446301e-02
-4.235869469387898434e-02
8.534463050420559860e-02
-9.171844976505560965e-02
1.428393491033608242e-02
-8.045229603529324702e-02
-8.888741606777883497e-03
-7.090128968608766513e-02
5.556456086224470514e-02
-2.830615673639069740e-03
-9.885851524003036461e-02
4.656684820913864487e-02
4.695815727445959431e-02
-2.631214900877010265e-02
8.280609517270987041e-02
-4.144322247173437557e-02
8.488046811779648149e-02
-9.489114642367413310e-02
-7.731066612052317488e-02
1.003705860107243497e-01
2.215628537729819048e-02
-8.446576065384781007e-02
5.891980483881595343e-02
1.213448033522958047e-01
-6.752723845717212292e-02
8.767156333420178527e-02
-9.440169465210890287e-02
1.464098403839109164e-02
-7.865491737215524193e-02
-7.300415578082042334e-02
3.065586490265070907e-02
5.734089877591985740e-02
-3.843451271462189345e-02
3.595715791148537677e-02
1.191811932331823809e-01
-5.281018314866842145e-02
6.965936391230453939e-02
-9.517871978839087532e-02
3.842489902799905988e-02
4.574998643279348798e-02
-5.567230436999959231e-02
-9.900174261181504676e-04
6.098681551180451521e-02
-4.445709556608179458e-02
4.622244148269688546e-02
1.104089432589552278e-01
-9.096473797590459709e-02
6.663005056139670312e-02
-9.326299586241759698e-02
3.193676466436035088e-02
6.490058873741655354e-02
-5.530707654983602062e-02
-5.773949104921305420e-02
5.954575419307295281e-02
-4.604088047043625176e-02
7.322047443448764792e-02
1.065024147547526945e-01
-2.008069493762421054e-02
7.785427998868832411e-02
-7.995921799915328698e-02
-4.236505393129585961e-03
5.281411767493782161e-02
-6.612080038286083372e-02
-3.948182263161781336e-02
5.747183767413022171e-02
-3.774167928742089284e-02
7.710922239773727871e-02
9.922044270235857999e-02
-8.412756480193356312e-02
4.744679836055476496e-02
-8.680891257552847406e-02
-1.105337205047629556e-02
3.898420714656936070e-02
-4.148226876844818278e-02
-5.464847317813659178e-02
-1.744707923404364980e-02
-8.566900183901088317e-02
5.861936685271842973e-02
8.481744627828105565e-02
3.229379336776234954e-02
6.242717705117351024e-02
5.615044532788959764e-02
-3.083619577221985431e-02
5.021019294295936408e-02
-7.558290960514224555e-02
-1.830537343444504916e-02
-4.419195592014446561e-02
6.211553892589827264e-02
-8.106748840012734103e-02
5.577133331963306240e-02
8.631592278175417854e-02
3.048247717318441907e-02
6.490868670185401257e-02
-4.117473370864610516e-02
4.968873124881567627e-02
-3.300398599388154608e-02
-5.204920089161768626e-02
-3.207820340102651713e-02
-5.348095522295026605e-02
2.821087547140221918e-02
-1.219717882175569978e-01
5.052251586674680328e-02
6.409472230623655675e-02
6.473161302405561202e-02
3.584530435691235528e-02
-4.343138670923962774e-02
3.475767238228966161e-02
-2.296160659409252069e-02
-5.365631504141121777e-02
-1.907508188137363447e-02
-6.862258372508822646e-02
3.669421680204876246e-02
-6.282930030797440057e-02
5.799621964884454917e-02
7.020723853141197512e-02
1.192335760536716860e-02
1.875568380293568538e-03
3.920507092165237406e-02
-8.350551181129151068e-03
-7.867096522887973009e-03
-5.383197950876450477e-02
-2.524867370030792202e-02
-5.555944614950469873e-02
-6.144537877329758757e-02
5.106905496973546121e-02
3.607003201545438270e-02
8.772335302584491346e-02
-1.030888655566494228e-01
-1.577198146099201281e-02
-4.231854239840282528e-02
-3.843329473876710978e-02
-1.702023038372590946e-02
-2.243137040532239279e-02
-4.738029781240704619e-02
-3.053446922823388476e-03
-8.374805186599409978e-02
9.807324313231280399e-03
8.659277920793634342e-02
7.651999412272808554e-02
4.952605560680706231e-02
-2.824116163240075750e-02
-2.922312611566291185e-02
-1.538544005227426847e-02
1.877384731798836803e-02
-9.580948232562835898e-03
-4.370255224895414070e-02
-1.111874345946728404e-03
-8.861171330990036399e-02
1.206537899540105485e-02
-1.330692214573422349e-01
8.259668882119153288e-02
-2.394166024184021802e-02
-6.211692970973337058e-02
-7.152331690255053775e-02
-6.782085438531981758e-03
1.772094960893477733e-03
-3.827453740810538019e-02
-3.054259744659360010e-02
4.204013906423331726e-03
-8.902263019665357380e-02
1.441788507264618602e-03
-8.849360740180833851e-02
8.273889002164713791e-02
-3.954173320822584881e-02
-1.152062671873609889e-01
-9.470768593117384615e-02
-3.000009349325760688e-02
1.131070534379430281e-02
3.459986602951659052e-04
-4.626447620967799601e-02
8.165832859872934613e-03
-1.037340660878955934e-01
-1.536791804036985454e-02
-1.184751068763851833e-01
8.072709200584232692e-02
-9.633870206830141836e-02
-1.338443743379594819e-01
-1.242774595347749811e-01
-3.992814391261378937e-02
-7.263712018823920147e-03
2.493455411058498328e-03
-4.844799400786758969e-02
1.186676444554790599e-02
-7.785961402094143669e-02
-4.491268567919748378e-02
-1.696005087486351925e-02
5.102619933232888094e-02
7.911175025497013680e-02
-7.920730797646657884e-03
-1.506752462569571627e-01
-7.628305159948423064e-02
-6.132881751617957899e-02
-4.315504838164807566e-02
-3.303884101802712081e-02
-6.189351153840483288e-02
1.286644513542944956e-02
-1.078713310198662345e-01
-4.670652574095734977e-02
-8.776893085405523820e-03
6.636297597306028972e-02
7.903638699125653533e-02
-8.429498511095936952e-02
-1.408744786590248599e-01
-1.116381596772627605e-01
1.796634729134494179e-03
-1.958850441141524179e-03
-7.421379364403124512e-03
-4.436878401968624708e-02
6.169411213362785418e-03
-7.217129077706740947e-02
-9.958821673557283205e-02
-4.210088992986438239e-02
3.927262525433999896e-02
5.946315273110178157e-02
-1.281783321851545643e-01
-8.728390441585887061e-02
-1.392068017136931513e-01
-5.129682495588494540e-02
-5.207512286658466660e-02
-6.584057858949909914e-02
-3.733949014642401476e-02
-7.231905406033778405e-02
-1.231190992422226405e-02
-1.014140823314364503e-01
-8.170915584149662791e-02
-9.588000011871300465e-02
4.537858132941705036e-02
7.696415751780200099e-02
-4.182312781898311904e-02
-6.981536457594250678e-02
-9.354784799590065703e-03
-6.174364156947698135e-02
-4.122543687011381852e-02
-2.149262849953093024e-02
-8.536730193944130907e-02
-8.376854300143010690e-03
-9.399475229615839034e-02
-9.709638042031176752e-02
-7.405862629169679412e-02
1.973888006536402007e-02
7.171511905223121319e-02
-1.139619465509013330e-01
-8.207739234142058526e-02
-1.121401800385171121e-01
-9.780987630756965423e-03
-5.606977316726968752e-02
-7.406643361673992398e-02
-4.977874583921637619e-02
-7.898371929801173419e-02
-7.002720662996630985e-02
-9.621484785161171782e-02
-1.047860484526176306e-01
2.885131603297426406e-02
7.476220951316603358e-02
-3.908832803287809465e-02
5.319945873339715359e-02
-1.256500921237786450e-01
-2.668452504171414663e-02
-6.101817493219319211e-02
-9.986764389703139955e-03
-8.717455809628793517e-03
-5.721391333822745118e-02
1.672715004692160168e-02
-8.383911218464923376e-02
1.005337101447212333e-02
2.258020207267746882e-02
1.571111501848758418e-02
7.327942823944411099e-02
-9.311790464264856071e-02
-5.026621436693012868e-02
-1.151691605764975090e-01
-2.157739946344050530e-03
-4.939862316048482249e-02
-6.157212780318599421e-02
-4.349856895625692221e-02
1.791159111951623473e-02
-7.763385852476811788e-02
-7.177552084073124394e-02
2.315139516029351974e-03
8.885162502128368667e-03
7.091824821950637459e-02
2.321290541586520928e-02
8.732719693203938593e-02
-1.269950442590515038e-01
-3.503340116157405149e-02
-5.203499530034449982e-02
-3.169261204723028413e-02
-1.788503045648648371e-02
-1.069406730492364899e-01
-4.899263766971972967e-02
-9.239554618816048226e-02
-1.149885031636633803e-01
-8.886430645335785528e-03
5.930747709341799290e-02
3.712426979264088489e-02
-7.492776360775224576e-02
-5.627819486007723526e-02
-7.167943792920128399e-02
9.389617731581423321e-03
-4.567146835278634853e-02
-5.012631654317456498e-02
-3.292808242899547544e-02
1.510883152926589812e-02
-2.724314253489257265e-02
-8.625186995428346659e-02
4.176125448898015957e-02
1.462314667829356374e-02
6.422882182396905115e-02
-1.676839658471945826e-02
1.191899620475334043e-03
-1.173111154183708038e-01
-2.012290299670549398e-02
-4.164662752487990893e-02
-2.194650690582744534e-02
1.280297945985853225e-02
-9.574198510554254860e-02
2.561003144448503743e-02
-5.021629960066775755e-02
-1.175339532932234698e-01
-2.454554375366968522e-02
3.557506887644557025e-02
5.781861648215691485e-02
-1.391474486630170371e-03
-3.542331772533069412e-02
1.041932506063392161e-02
3.856029313112463441e-02
-5.552076130442840096e-03
-2.148861705617366447e-02
-1.738488686030703612e-02
7.602897924259288676e-02
4.983946488845292233e-02
6.407223777846859925e-03
-3.377101223838763211e-02
1.271350914702029655e-02
5.303460134102855328e-02
-1.414235117157638943e-02
-3.586075603863053685e-02
-6.997475991561852293e-02
2.718189825804384618e-02
-4.338469265071898118e-02
-1.239708958309249098e-02
-1.333517533015293743e-02
7.663178925176139522e-02
-5.226218012130523505e-03
-1.040930507879533895e-02
-1.153534195905980830e-02
-2.712450128927540449e-03
5.990114077610875221e-02
-2.270522645822262153e-02
6.895424694584317837e-02
-7.197085271141667739e-02
5.177625249990935874e-02
-4.282470394744641862e-02
-7.352517315961981659e-03
-8.163594399230600374e-02
9.192108970183654471e-02
-4.211344783278114789e-04
1.130111369658348686e-03
-6.205044855732366749e-03
-3.095264455845181395e-02
4.142177516664369286e-02
3.729358591042897242e-02
3.354394138551575200e-02
-6.811715272685725520e-02
6.731308678084935160e-02
-1.729044353470132744e-02
-7.317277844824277011e-03
-3.307700275834379866e-03
2.278392174618004695e-03
5.493754693699959279e-02
-2.299650029763766756e-02
-1.050324755858932368e-01
-3.889513586411605384e-02
4.875950733653583447e-02
-1.535925543778979274e-02
6.930245632138243295e-02
-3.971838776404162941e-02
8.406234425051173353e-02
-3.972203463081935837e-02
3.636893907250970948e-03
-5.536103752278853651e-02
8.686699753590299000e-02
1.937926983809579173e-02
-5.491572226877827756e-02
-3.173412067273617687e-02
2.801028786013048943e-02
3.262526288046763145e-02
1.546165525431963950e-03
-5.065056375401855160e-02
8.030430018117284963e-02
-3.093616368562002172e-02
-2.644415938635180652e-04
-5.294669683152852802e-02
-7.016764411276632529e-03
3.698917884186370131e-02
4.186753961789690948e-02
4.659595874252131509e-03
-5.460856969793503879e-02
4.429691085877662804e-02
-9.312320060137213584e-04
1.612678630045327743e-03
5.404186058909399293e-02
-1.827707542886303216e-02
1.640744029836116447e-02
-3.242983000954369199e-02
-2.352355456354870977e-02
1.166049178202269720e-01
1.149243933478626412e-01
4.026826029131846951e-02
-4.547606629814249235e-02
3.555102822211259062e-02
-2.468029625080103706e-02
7.120758798577037085e-02
-3.106842845589330437e-02
1.147482540079771685e-01
-1.319974778882848643e-02
-2.737634544047740093e-03
-2.123855191671586429e-02
-1.632845996425913437e-02
1.058932925902983380e-01
3.980592814526606738e-02
-4.552909646489411433e-02
2.713243527006803379e-03
4.655434298523231096e-02
7.752651755966161184e-02
1.850283162386301417e-02
1.248160264829845101e-01
5.806947740724099916e-03
-5.255519862513158280e-03
-2.790354251756088644e-02
-9.273560236228495235e-03
1.293385203479863188e-01
3.844021821283105655e-02
-4.710959708475725982e-02
2.948421280727642202e-03
3.569308197243836744e-02
7.869823480150811568e-02
1.445515152364029721e-02
1.300228134270672298e-01
1.378507264590522752e-02
4.887332840839198056e-03
2.795945443011094156e-03
-1.243931169122769465e-02
1.271079326082074079e-01
4.064675061632305741e-02
-3.447411863588423220e-02
1.544315435100268585e-02
-2.695442262298175518e-02
6.375987238291155879e-02
-1.187376204139334313e-03
8.880630091035435214e-02
3.280202907451068572e-02
4.254103047092749890e-02
4.541542991285396624e-03
-2.025820310763815080e-03
6.291315607259306830e-02
3.672460005381195103e-02
-3.933335036227247894e-02
-3.588382984971882905e-03
-3.287069525039376661e-02
1.907216914129157559e-02
6.113631714301459574e-02
7.902177355086659194e-02
5.452237831598205631e-02
1.179933117470011172e-02
-1.599446077181199133e-02
4.133290948362566830e-03
-1.056760771719456038e-02
1.106768467695018465e-01
-7.548288964892946318e-02
-9.165091911995654206e-02
4.587270924507313996e-02
4.718015880997947220e-03
2.322416862427773010e-02
1.311938029292304408e-01
6.356175064368130290e-02
1.720430974661801837e-02
4.333392568505289866e-03
1.731309776297706993e-02
-8.167514876445958194e-03
1.046838298095510433e-01
-1.851049539935023525e-02
-7.739057298677581853e-02
4.610125743080961680e-02
5.421277347648412182e-03
8.069424184269771705e-02
2.230531475987268530e-02
1.422843898493767467e-01
3.187340813101879888e-02
3.245541865075918242e-02
3.536098318650593431e-02
1.246714846458440995e-03
6.093126616505850635e-03
3.340631526282045183e-02
-4.824765377795720012e-02
2.112552492956898398e-02
-2.752393438296302230e-02
4.624217075691616774e-02
5.047297296752417672e-02
1.308529554854819255e-01
3.280481518455446999e-02
3.819110776296619214e-02
3.519916024148461720e-02
3.740526256987397602e-03
-1.523717745072195040e-02
2.371271502297878087e-02
-9.188114744334496820e-02
-8.489072273400172230e-02
3.937600351463788062e-02
-8.339914181448304653e-04
4.627076971782750903e-02
1.001290010675472963e-01
7.670773729103452787e-02
6.934996704627494069e-02
1.337546134546208076e-02
-7.122729800599358896e-04
-2.005968957780113193e-02
7.624643118741980530e-02
-5.144226719829159133e-02
4.281517481226293498e-03
-3.457594975975808449e-02
3.641537374765013713e-02
1.252189277597212658e-02
6.283174566747390388e-02
7.811143963675282187e-02
1.423428241439973485e-01
4.312113321350941053e-02
1.824171529144802406e-02
4.451935150997399226e-03
-2.494781698461745467e-02
4.061081396005217226e-02
-5.417879234174094449e-02
2.059224074214649480e-02
4.707591233824692800e-03
-2.398778321653088907e-02
7.371336817049159440e-02
2.004616174625617475e-02
1.372229805128221125e-01
8.859372179851821016e-02
2.432103963199372387e-03
3.671582551303620434e-03
-2.475318618876110044e-02
7.483768194152307096e-03
-6.453503507940716588e-02
1.943213565069257243e-02
-1.040549902456577858e-02
-1.664973553296883457e-02
7.395330172878045172e-02
2.321311617541027550e-02
1.336081400868006641e-01
1.195973327908549377e-01
1.606784364895252892e-02
1.080605054426531098e-03
-3.821595628076157602e-03
1.248434252897701047e-02
-6.420826211121744009e-02
1.675790380210606667e-02
2.530998607320522620e-02
-8.649945654656543415e-03
8.404803270919702918e-02
1.021810827622066098e-01
1.367490898717650394e-01
7.105660177466488481e-02
2.216852126613599872e-02
4.057687859186476231e-03
4.176928387610145954e-02
2.131683248134452757e-02
-9.839113647201236379e-02
-6.392281076019745711e-03
7.225498585109679794e-03
4.171058141661743157e-03
5.147855113847715769e-02
6.034731600891363179e-02
1.313290554210552186e-01
6.463629671884130179e-02
-8.171653189815830665e-03
-1.832004603315362523e-02
3.182724438308548454e-02
2.447051778328568350e-02
-9.962555852140453361e-02
-2.020498541601067899e-02
2.069305534344856312e-02
1.240980030490557162e-03
4.113355892749637199e-02
7.268315709912265277e-02
6.278570190017673802e-02
6.890374354827766279e-02
-1.038202174323521465e-02
-2.638463853484374066e-02
2.467942142919044013e-02
1.176110824089815488e-02
-9.494881129689403121e-02
-1.775829549543017638e-02
2.073094694768151669e-02
2.547456958977974140e-02
8.673571792670475844e-03
1.236979088455210096e-01
7.531922706235438802e-02
1.090029255503388583e-02
-7.410504282371332962e-03
2.761630787942770393e-02
-6.439714776693139520e-03
-4.061723477992584819e-02
7.865463648337067681e-03
-1.161542910282731267e-02
3.459494638174009928e-02
5.988768269801850175e-02
3.626852189264340165e-02
1.192032132656644094e-01
6.680968732462555515e-02
-3.066560739754131681e-02
-3.167170578235412037e-02
4.939367834174812621e-03
-2.702920180534773564e-02
-9.945443659912056589e-02
8.061159264921347045e-03
1.843876951287481969e-02
1.085661896897448242e-02
1.288397084584114172e-03
1.166814437891948719e-01
9.602649988372324863e-02
-2.835956539889905592e-02
-2.178196853115133003e-02
1.110219733929440622e-02
-6.699529850908825246e-02
-1.073831857246261290e-01
-8.558462974363578724e-03
1.628155292181454605e-02
1.255910177829983043e-02
-6.106955236914735075e-04
1.079543812350617360e-01
7.955065038981856684e-02
-2.934623869524743967e-02
-9.644279555401036319e-03
1.761695413301500590e-02
-3.257780497797480024e-02
-1.114334126065202879e-01
1.360470396717383679e-02
1.617380615726338178e-02
1.801144532952446420e-02
3.389595099722253480e-03
6.941995831957792351e-02
1.091177801012056525e-01
-2.830269469609369981e-02
-3.136958764488351203e-02
-3.193169170981313698e-02
-1.026402986718153443e-01
7.676506824375151083e-03
4.496736867200246124e-02
2.650962288882563467e-02
9.371440783892959203e-03
9.384077285035175020e-02
4.604165420346584270e-02
-2.138841421173520718e-02
-1.140429445922208629e-02
1.002896349589099678e-02
-8.427457075152777755e-02
-8.789888987853933244e-03
4.950895803637389569e-02
2.836536645506904097e-02
-8.411015138836019922e-03
7.461581147359208632e-02
6.531767781995700961e-02
-3.428540275550739924e-02
-1.833085475301821088e-02
-3.533670245882514216e-02
-4.381304647052020051e-02
3.279863119441805974e-02
4.355601710089640477e-03
4.739753590617984402e-03
5.181893127811865174e-03
1.106834688316917781e-01
1.061977195984994404e-01
-1.833849970633294468e-02
-5.953299901665043414e-03
-3.657038882168750504e-02
-5.221416499021114266e-02
3.072295484520692899e-02
6.374127904921200738e-03
-2.261580628191622866e-03
6.391546799010261459e-02
1.210179416403649455e-01
8.472875529007495299e-02
-9.862126601031140360e-03
-1.141577039378349756e-02
-3.155565123394021843e-02
-1.164872348077818920e-01
8.341783110434308757e-02
2.613786353090263859e-02
2.731734940125130073e-03
7.988170598568788972e-02
1.684355479981858306e-02
-3.995221538784199389e-02
-2.192663046760168211e-02
-3.642184123728153811e-02
-3.889817588163979600e-02
-4.116194916172311036e-02
1.990382533700518763e-02
2.753437236536526722e-02
-4.294716874103543525e-03
1.019141944276720224e-01
2.891419907874615003e-02
-4.233733941965200920e-02
-6.912062843478006258e-03
-3.932992344790764427e-02
-3.182523445196483447e-02
6.410641728770261061e-02
5.184860468675522860e-02
-1.151803346772517500e-02
5.079163406396536296e-02
3.776956052197877334e-02
6.929239131961029141e-02
-1.251630592683750098e-02
-1.205876511475811874e-02
-4.048621612317182539e-02
-1.146024818666185885e-01
9.258090458194734307e-02
4.277003599919382282e-02
-1.167771022755670352e-03
2.856257931345690393e-02
4.533339789807433462e-02
3.331776222894178296e-02
-5.055002590128176987e-02
-2.476061243568428161e-02
-1.073660983433832872e-02
-3.861319652213923703e-02
-5.326087278887803311e-02
5.956744827299609302e-02
-3.948999552544260605e-02
-3.162172021703435476e-03
2.147187356360247268e-02
-4.307943483644216531e-02
7.344765558191113097e-02
-1.855055542332895158e-02
-9.893112782025981211e-03
-4.169473346389129809e-02
-3.179410238100388586e-02
8.482965880718762453e-02
5.252409167896787690e-02
-1.092076735242833441e-02
3.296212503082285306e-02
1.930087959063608860e-02
2.941545982854121277e-04
-5.211155691606761398e-02
-1.575960068427928462e-02
-4.606831631503816027e-02
-4.491082080076946870e-02
-5.030533045401763825e-02
1.004976450361887430e-01
-4.578982111498813845e-02
4.029905327309679652e-03
1.654913683615877318e-02
-6.795754942030607371e-02
4.185627003499803322e-02
-2.741536580808223711e-02
-3.111499241397597260e-02
-2.993105117389416314e-02
-1.052233938911876221e-01
3.685246381120410586e-02
7.831345291715741119e-02
-3.105428586549668912e-02
7.554379221269891254e-03
-6.465794363455401594e-03
9.278263801521413612e-03
2.126036769797112758e-02
-2.567529431777570981e-02
-4.676387704535545087e-02
-1.852995865957596244e-02
-6.666178916120635289e-02
-1.040328976301307939e-02
9.133066156376989930e-02
-5.257204483121967475e-02
6.559685912626456172e-03
-7.087752430355409583e-02
9.842468631859557782e-03
-5.700095368228053072e-02
-1.371344899250448446e-02
-4.386548276839430383e-02
-4.207234631306233652e-02
-6.124322680216065518e-02
9.003591025222412725e-02
1.268673327469926893e-02
-1.194866174631525890e-02
-1.049887978414854039e-02
-6.836494572354345767e-02
-5.994462057125671262e-02
-2.230285167588608175e-02
-5.384291161110077439e-02
-3.964015240559026765e-02
-4.955099864734413551e-02
1.086884672538116492e-01
3.326692743752857062e-02
-1.564762128123325935e-02
-1.478406007331289906e-02
-7.967661341765386318e-02
-5.539130038516781873e-02
-2.001734023046186639e-02
-4.758858770385887560e-02
-8.266699390592824326e-02
-3.357142574583305006e-02
1.206978578481008313e-01
-9.958012212682221254e-03
-1.550109532670285173e-02
-6.517035964315631702e-03
-2.117691670565358120e-02
-2.034933274858441443e-02
-2.243889001813192952e-02
-2.752626212531128491e-02
-4.069017570190969213e-02
9.105315634060084928e-02
2.800447961131946606e-02
-1.532201844563912951e-02
-3.245937649542590675e-02
-7.424807112085884953e-02
-3.111622468281516340e-02
-3.323473264232001956e-02
-1.691418946178302463e-02
-7.192835643246386912e-02
3.309530177985042787e-02
4.973037646890354768e-02
-1.624470661731042265e-02
-3.537305034824789196e-02
-3.637749931082090438e-02
-2.873193656642702987e-02
-3.442412752609935733e-02
8.850613205771962200e-04
-5.970975106934139909e-02
2.705709145219692413e-02
4.551639297527754202e-02
-1.654817760551074990e-02
-3.120980441023091245e-02
-7.090117345670066129e-02
-5.610782625980847982e-02
-3.567684477323096459e-02
6.573300329460907143e-03
-3.780355543547564423e-02
2.171807196957520336e-02
4.333545241046299346e-02
-2.034184826829904535e-02
-2.427124946126102412e-02
-6.349023751697768780e-02
-5.264634888146568770e-02
-3.601450610775280836e-02
6.429032874099349648e-03
-2.369665131739273622e-02
-8.458425969416150103e-03
9.926300215755401446e-02
-2.311589701053595736e-02
-2.691848196164259299e-02
-6.373375139989601035e-02
-4.142022887078977700e-02
-3.672123368684854228e-02
-2.328051055589230867e-02
-1.448444511336377527e-02
-4.277362247020211061e-02
5.345023340942078871e-02
3.625711255099373087e-02
-2.126607968010557626e-02
4.266714910637570135e-02
-1.563285142364700953e-03
-3.933878728687045800e-02
-3.893035348307416488e-02
8.874009093567392092e-03
-1.669926145490552294e-03
-2.280131083597014552e-02
8.463626802000578930e-02
-6.062938521992466967e-03
-3.088742404922345530e-02
3.887583988322806938e-02
-8.264166692257601810e-03
-4.051413229906564162e-02
-3.953024635218960192e-02
3.124106134702220317e-02
-6.918598248517937588e-02
-3.334117079450948928e-02
7.282088308811129895e-02
1.660613138951716472e-03
-3.070880598349984281e-02
6.511151177497342957e-02
-7.552112721853632138e-03
-4.769582664553884133e-02
-4.103987818336007898e-02
3.255337152369253140e-02
1.300148503889264617e-02
-5.953911262966182782e-03
6.852592517812494677e-02
-2.618248226394459532e-02
1.619570668773989697e-02
-3.472147114099410903e-02
5.868484245809135746e-02
-4.304481765071777044e-02
6.946422762080017854e-03
1.613818061073557519e-02
-3.131190644812631430e-02
3.344598918503827178e-02
1.472880544025345628e-02
-2.915378955860686849e-02
7.234618601091213907e-02
1.372698449466147608e-02
-4.360883271663862359e-02
-4.439441485421324884e-02
-6.465035838477439789e-02
2.844744590436076859e-02
8.487494490787672596e-03
1.117797432424694204e-02
-3.522334930650455886e-02
1.294082070910657078e-02
-1.014135868435162013e-02
1.922966283238736196e-02
-4.582865696250837395e-02
4.570684485988740775e-02
-6.677085364923684985e-02
6.254840043513731906e-03
3.147222890670331452e-02
-2.922558616239034901e-02
5.608710757386770052e-02
8.620103743405693741e-02
2.521454328694783253e-02
-5.262480011794334889e-02
3.373772368706917657e-02
-5.473991404749523060e-02
1.343428019255787920e-02
2.551709784170297368e-02
-4.627919871779936911e-02
8.127880194007575110e-02
-1.342698623485460985e-04
6.698457618662112534e-02
-5.063341585833769365e-02
-5.537107417757780592e-02
2.195591882271719086e-02
2.641554447602723066e-03
-7.220949658302222574e-03
-5.756941685277627840e-04
-1.121785438716071948e-02
2.918313151768725522e-02
-5.418902627003840955e-02
4.427006901029106878e-02
3.972942099847054376e-02
-1.473560141799812317e-02
9.710170594796618815e-04
-3.561226022993750628e-02
-4.376825855416766053e-03
2.758004302512273576e-02
-5.719308064793771074e-02
2.845519907692606321e-02
-4.738717441233952776e-02
2.824546891020296435e-03
1.089494814586355886e-02
-2.207953579696719792e-03
8.992362059978314948e-02
5.122157929020365597e-02
-4.999440856349635087e-02
1.338221764171587669e-02
-7.789198242844186382e-03
-1.752044897192339690e-02
1.041311098798525236e-02
-1.757761275342395457e-02
9.333111752043410370e-02
6.811288563159034748e-02
-1.628076989307114530e-02
4.413995837996509408e-02
-4.013568035678882762e-02
2.562640451274733611e-02
1.591304052377395806e-04
-1.930381927114721563e-02
9.346267752066711454e-02
1.676074938494054312e-02
3.733535756870731692e-02
-7.004625292797950209e-02
3.973415908975908017e-02
5.712416035294898276e-02
3.038627128792992238e-03
-1.915498845754726176e-02
9.020145282111402540e-02
2.468167415644628715e-02
-2.150991223789588958e-02
-6.837485186914704638e-02
3.677561657313499488e-02
5.903380929256818455e-02
1.145219094140670357e-02
-2.375837858898588451e-02
9.095882124413479097e-02
3.053337770705066845e-02
-3.701697555794525307e-02
-7.157356054589580907e-02
5.264687087865216331e-02
-3.430616162068744757e-03
-1.688101237332650939e-03
-1.944747458067552781e-02
9.182934148716931366e-02
1.326930770145129390e-02
-1.095558367212212669e-02
-5.586612751335984228e-02
2.660685249588512491e-02
-1.287742715113437963e-02
1.831952272401859982e-02
-2.461956229941431040e-02
2.030329984606471516e-02
5.304600436027406829e-02
-4.494171695837922975e-02
2.921448077871768856e-02
2.811844621054215843e-03
2.574376335530104143e-02
-2.485893389356175209e-02
1.787655471687410458e-02
9.017484587070523361e-04
-7.378857009324635285e-02
-1.022572159279289128e-02
2.547476423115024868e-02
2.384690562123659152e-02
7.948493595612993179e-02
4.671263730363783839e-02
-4.693084069815200987e-02
2.496847937874746570e-02
4.312683161796815323e-02
3.571870142136401860e-02
-2.196422885469262454e-02
7.475688244775385849e-02
3.415389380588451651e-02
-9.645282383606423871e-02
-6.008354808730187457e-03
-1.550769202015578330e-04
1.620136934655269645e-02
7.169076823453804370e-02
4.245186825793290097e-02
-1.007847332503466475e-01
2.765598203239005848e-02
1.868617054688537227e-02
4.179463012992989945e-02
1.469894872046903500e-02
4.480288395535136914e-02
5.651762963870821110e-03
3.094951010240865052e-02
2.612647595836481429e-02
-1.490398177714524763e-02
-1.653050979461934133e-02
2.076977795302470398e-02
1.464391423859245922e-02
2.994442653924989095e-02
2.677857336540712119e-02
-1.773847489082225337e-02
-1.339305732751516764e-02
1.872936417578907609e-02
1.669933427133041270e-02
-2.895697984609990616e-02
2.183879427170931642e-02
-3.703965864908309591e-02
2.918836648795686273e-02
4.426806198984975516e-02
2.707811962277895113e-02
-8.844928620281167220e-02
1.497489192187551055e-02
-3.605228036843144412e-02
4.645252318103243461e-02
-8.860650981320383757e-03
4.490387021420655378e-02
9.102739771967516269e-03
1.322370834838981768e-02
-9.231555252235956743e-04
-1.132938794205773370e-02
4.185075559337603224e-02
3.551512500272230310e-02
1.236004832571235834e-02
-1.261608984707441872e-01
2.911946557552036463e-02
-2.956048031584279645e-02
3.191222268756321867e-02
1.216637289190480864e-02
4.695168597061882831e-02
1.342398806056566141e-02
-1.126531954426612803e-01
2.690276300837246559e-02
-2.769716797828569721e-02
3.730069671949831633e-02
1.549583349116079312e-02
5.100663242753056270e-02
3.900240081665379277e-02
2.325852950871110103e-02
-7.362994980514081522e-02
4.252408525477258117e-02
-3.509444688592999739e-02
3.993603695600567161e-02
5.918415436312468580e-03
5.415070800242760551e-02
8.416615602071186863e-03
-1.337555425249624674e-01
2.587369706379905043e-02
-2.711338650638361880e-02
3.197100176087064316e-02
1.667848722212961210e-02
5.398027615834088966e-02
4.298803909414838920e-03
-1.119877774292700190e-01
-3.506313553295226093e-03
-7.623692177761043354e-03
-3.510042170931870764e-02
2.451640776255625820e-02
4.556776811796775517e-02
1.869094842185142769e-02
-4.712564604905522536e-02
4.781419901098371561e-02
4.774277839970764159e-02
-4.441452950664415145e-02
2.478709985376281733e-02
4.231913616707097536e-02
3.346734436367110321e-02
-1.049693781326677122e-01
9.698284890664599089e-03
-2.516070799732128549e-02
-4.596559924370580141e-03
3.179240268938920977e-02
5.492284262078794832e-02
8.810027838808132117e-03
-1.342778356646742166e-01
1.545344144946481091e-02
-5.411961444934487719e-02
2.122079761744777304e-02
3.410606413779695978e-02
2.094868049989717651e-02
-7.053185321498589566e-02
3.255658222370838573e-02
-2.598402448993197833e-02
-2.959554285856036415e-03
-2.929957395382601359e-02
3.516320925596971847e-02
-5.336498695326485908e-02
5.338745603860972633e-02
5.217116719760561683e-02
-3.631361801135657430e-02
3.020388597329759506e-02
5.460047432443043691e-02
-1.193815502046080557e-02
-1.299776512890075120e-01
4.161731631285625621e-02
-5.106315105418401945e-02
2.127348385794913810e-02
5.180411806360779581e-02
2.012739373959610001e-02
-1.237470681801028372e-01
3.010098110217329648e-02
-5.484939539225519578e-02
1.496114720682184540e-02
4.115253866424259388e-02
2.094811460848150508e-02
-7.848228105281973566e-02
1.574879833296738418e-02
-5.204977904546459477e-02
1.272894526962520256e-02
3.929013747278140012e-02
-3.146669102142296559e-02
-5.708665418461378316e-02
2.073105968293487145e-02
-4.814590379709482448e-02
1.029114053518598304e-02
3.639236574230461652e-02
-3.492967911808786408e-02
-6.672943226466498956e-02
3.327442065974062224e-02
-3.801095333395787534e-02
2.982651443031036909e-02
6.107026537017778978e-04
-8.618405602065593030e-02
3.223836210999997398e-02
3.802835429720796689e-02
-3.267758001520126854e-02
-7.323547375471167742e-03
3.169220959556112716e-02
-1.293769098860331201e-01
2.152131579115046378e-02
-2.208463682984374010e-02
-1.647101203077550036e-02
-1.640472006921739334e-02
-3.568490257161388568e-02
-7.949307919893500163e-02
4.634253384858388891e-02
-2.809222959441004530e-02
1.692632478550071262e-02
4.992024845589626558e-02
-1.490297334052571587e-01
3.808717986227005969e-02
1.649922857030328149e-02
-3.339333698267221706e-02
1.992419867992348270e-02
-4.573788486372493134e-02
2.701306703699568601e-02
4.500094246988251001e-02
-3.611829195543680981e-02
-2.727534790480046212e-03
4.842060058072872319e-02
-1.545406614517087496e-01
2.643279062278924840e-02
-1.347788221315804336e-02
-3.093514120983575921e-02
3.634149268485450945e-02
-1.963662562374519638e-01
-3.158895648458059924e-03
-1.736357197298987742e-02
-4.220715932199470277e-02
3.348662419045422833e-02
-1.989733408726550579e-01
-7.489131240899782327e-04
-2.957462335553218136e-02
-3.890199290613027827e-02
3.095994040430966043e-02
-1.639238820312270972e-01
7.190369014362318900e-03
-5.995782918732805999e-02
2.763492446295945371e-02
-1.750487509639821471e-01
-6.364605393429245694e-02
-4.909364677559369117e-02
-5.768020743620150270e-02
2.780059182384136962e-02
-1.262122224078956467e-01
-1.809416451742662524e-02
-6.569341213061552498e-02
4.905456199099855752e-02
-2.281305669828427307e-01
-5.482677776667677083e-02
-7.299543818123721550e-02
4.329158442696301456e-02
-2.389028520595183336e-01
-4.599583801634077318e-02
-6.733702576908040527e-02
5.414937965018917776e-02
-2.154574293885106462e-01
-3.702334215941383011e-02
-5.935188223732579260e-02
1.765206611442587947e-02
-8.039007692813826544e-02
-6.841690970685498918e-02
-5.587706105290568548e-02
-1.819027320181765828e-01
-2.445221995505697521e-02
-8.987562251083092146e-02
4.400217880052667563e-03
-9.651646170649380574e-02
-8.702150282244314194e-02
-7.227592957572281929e-02
3.542625259646339786e-03
-2.101012058008061567e-02
-6.429838137399335185e-02
-3.914658766960554814e-02
-3.114828229702071294e-02
-8.841428090455116795e-02
2.545306144226389122e-02
-2.971444446657389715e-02
-3.671878626383251465e-02
-9.288659116926745174e-02
-1.142303831030633821e-01
1.386752053180528854e-02
-2.060498128276444518e-02
-3.361984667109851888e-04
-9.776161309299108426e-02
3.949134992084302187e-02
-5.112229202084095370e-03
-9.955716850404083829e-03
-6.141978526271008043e-02
2.914292945388197165e-02
-2.735798601001360186e-02
-1.687425124626773520e-02
-5.099951643395805867e-02
8.518456713892952337e-03
-6.075736916891949502e-02
-4.657393211535734712e-02
4.773392757474348436e-03
-5.143912466684419371e-02
-3.573530423813933710e-02
-2.726214592098974432e-02
-4.626126863460422456e-02
-5.726222908677497392e-02
-6.722666691552348084e-02
-3.795546617619749430e-02
-6.914921975639487517e-02
-6.752610443941375884e-02
-1.353523664249811631e-02
-6.578781432433544740e-02
-5.100644209020743780e-02
-2.938801210454813906e-02
-9.228753516821985858e-02
3.487698639036473924e-02
-7.538410593695693551e-02
-8.436368961089502072e-02
-3.131417101653932722e-02
-1.088615636714277413e-01
-4.436432585464678002e-02
-4.860729792320866993e-02
-7.541074298965810829e-02
-4.658215849381898421e-02
-5.350074356286060873e-02
-4.117773596051921281e-02
-3.452147430530261296e-02
-5.660187441247077622e-02
8.448166618989561005e-02
-1.098939910845847523e-02
-5.421415457563583118e-03
-1.387106010824451507e-02
-3.360847039845571427e-03
3.412041855575642657e-03
9.504936211088832465e-03
4.713667268418669787e-02
3.514750187784118629e-03
4.046963451776519616e-02
-3.004986517804608681e-02
5.225041271666880371e-02
2.415300796100783298e-02
5.336960048858024885e-02
5.423609797517592312e-02
5.266859800780510081e-02
5.136491544029631040e-02
4.623598051195110248e-02
1.541247351789168385e-02
6.174611158898912766e-02
4.286255155823001650e-02
8.619580154740136280e-02
3.074080916240062855e-02
4.636781270716808234e-02
7.593140981126417222e-02
4.919254573464010294e-02
1.815336394687100396e-02
3.016039555367608371e-02
4.171414897447402181e-02
3.959202093105507192e-02
3.395509329531661014e-02
1.958836020044540938e-02
9.575554407772746135e-04
-3.945443513791363488e-03
-2.663476976880510549e-02
-4.581851465566774695e-02
-8.339089210411046449e-02
-5.360026791907690491e-02
2.531168102466507808e-02
3.006187529311277196e-02
-1.796529651967160301e-02
-2.638201110791005277e-02
-1.633450122793855819e-02
1.555895686030928093e-02
1.154285021263889988e-02
-3.703017923608054041e-02
3.963219037613441298e-02
3.900820359022338923e-02
-2.760154339159870407e-02
2.179245784830932675e-02
3.200637955684576541e-02
-3.830761563236007028e-02
4.809809382438356984e-03
-8.605825335377459417e-03
1.329250814851151707e-02
1.940427217688156514e-02
-4.102570881900002853e-02
1.698387559174086014e-02
5.201269231160621231e-02
2.646635078695569465e-02
2.496964477118779335e-03
-4.446135770693093736e-02
-7.556665228499925835e-02
-4.984247520320406188e-02
6.317437693234395635e-02
2.331499161544636767e-02
-1.365084896545454285e-02
5.529697146936263241e-02
1.638540215176320647e-02
-6.510303649685045269e-02
3.317866456095272532e-02
3.927394577971915490e-02
-3.191902444051741838e-02
3.326725713869937984e-02
3.743766969632900121e-02
-2.123060772052687284e-02
-1.447516491212430534e-02
-4.897347586092437588e-02
9.334975703866743579e-02
9.475675652794790516e-02
1.029630584034313401e-02
3.774549719533393244e-03
9.563926715737969264e-03
-1.989590991797297592e-01
-1.136210483795853099e-01
5.185389101419568547e-02
1.017013176618034587e-01
7.667977141273885078e-02
6.081216366414188279e-02
7.284967678895420962e-02
1.797756286268542558e-02
1.105467528187189519e-01
6.367797927906027056e-02
-5.839997869507829176e-02
-6.684671570645306371e-02
-7.302286517842937474e-02
8.526212224231433101e-02
-6.364930257532475100e-02
-5.190111659636154062e-02
7.452290360213720266e-02
9.974256679687643068e-02
2.552161241392558733e-02
1.078623039191598521e-01
2.607040282780975771e-02
8.876181317303988294e-02
9.908685047612442176e-03
8.492242246981529519e-03
1.657070252315462344e-02
3.684580749331978211e-02
6.574346564035205009e-02
6.466972874389947945e-02
3.699074532194299159e-02
-1.993959264646594232e-02
-9.492785856004160028e-03
-2.713109247453204809e-02
7.833876903737990727e-02
5.647749109561428504e-02
7.973848982941666996e-02
-4.921776849392067721e-02
-5.638040698295865294e-02
-4.786166865508412194e-02
-3.537110546734623107e-02
-1.149085944316752261e-02
1.326758649783377209e-04
-3.305732992921384117e-02
2.656922720396570625e-02
-3.232743328433296259e-02
-8.875511794501134144e-02
-4.409025714943570762e-02
1.930247257932227178e-02
-5.280634738771161629e-03
7.112848905055479953e-03
1.506923241447055695e-02
-4.628345660042043619e-02
-4.573271280763790969e-02
-4.224882414219399696e-02
2.861171267937401286e-02
2.637142354362687069e-02
2.864572560414058167e-02
2.753627135444836060e-02
-1.264355607481615351e-02
-1.294175552828713549e-02
-1.323251395399038799e-02
-1.610292240972355238e-02
-2.465394594318348620e-02
-2.310585582062493759e-02
-2.218594846439608803e-02
-1.828436185209747489e-02
1.588777970481836110e-02
1.453195879673252477e-02
1.372168742770474292e-02
1.257390980435180161e-02
-3.762432290394612799e-02
-3.615764690940725945e-02
-3.090205805423773544e-02
-2.756772832049825261e-02
4.278329207614750551e-02
3.756879017081693473e-02
4.256891080887759138e-02
3.707081757872354721e-02
-2.786019744763346129e-02
-2.780379559162815539e-02
-2.761685169187488853e-02
2.498718808807770531e-02
2.270180457804718555e-02
3.018864471094095947e-02
2.920815239515917039e-02
-2.931709232721668723e-02
-2.653566049983613340e-02
-1.668770075793712948e-02
-5.673244765289853220e-03
9.141830965001318532e-03
1.348035945497816357e-03
-9.624356955055812790e-03
-1.810628753256426915e-02
3.227226581342473866e-02
5.751663068994034012e-02
-1.369272464343029849e-02
2.415275659765264704e-02
-4.995629088882069802e-02
-4.238610624436345287e-02
-5.584102628400089419e-02
-4.782899408896368332e-02
2.804812838078962756e-02
2.437524913014232908e-02
3.104341950462441435e-02
4.063034431423551140e-02
2.569643578399083417e-02
1.496527766828026351e-02
7.594422493185648548e-03
-3.213718817463728783e-02
-4.054062609888259283e-02
-4.274176159879167214e-02
-4.321791474738229111e-02
-6.525993308271016424e-02
-6.594391038441294040e-02
-8.291209516054820483e-02
-6.934656242184544794e-02
3.245426962141195748e-02
5.428926791913762928e-02
5.718720640285440693e-02
5.123184829169097343e-02
2.344945095213213371e-03
6.158473764342975443e-03
-2.604742034875839884e-02
-2.445918482471487465e-02
3.121621207106539675e-02
4.729105373779596277e-02
3.581542567781681452e-02
1.833640361515209705e-02
-3.832860471479471176e-02
-6.019681096802165232e-02
-3.616623622813919248e-02
2.241558357290349135e-02
3.903144875263403479e-02
2.339238528326642585e-02
4.172226581514415500e-02
-1.558476979193756939e-02
-2.252088058787293789e-02
-3.467758418368938056e-02
-3.255603478527380190e-02
2.564197172172932859e-02
4.380306493733610029e-02
6.688692943934593238e-02
6.453134444366170897e-02
6.616773344011783742e-03
-1.147744934084982127e-02
1.511603463950006443e-02
5.693666545469988627e-03
2.214627313859138247e-02
3.768483624430885026e-03
-4.231613457908334208e-02
-3.932565361930526193e-02
1.068375813078925596e-01
1.014856595853803611e-01
1.107560322356162530e-01
1.119847428731429728e-01
1.665020872436129284e-02
1.558675708370971247e-02
9.880395797142615955e-03
-7.036914697277241171e-03
2.324691274144741193e-02
-2.303324907625847739e-02
-1.574328881609615705e-02
-1.763627886073330098e-01
-1.876945964214931095e-01
-1.925293326628391144e-01
-1.707866052955722136e-01
5.750456136908743687e-02
6.380803014651659222e-02
6.491404492274110982e-02
7.011577201198115894e-02
9.787154991454538600e-02
1.005213889199116917e-01
8.130703981359654886e-02
7.640282870552050909e-02
3.522963128829870172e-02
2.599099011775096724e-02
1.905657817615680205e-02
-1.143077311559592690e-02
7.648853929370341698e-02
7.497071756348516747e-02
2.463142670663817646e-02
8.819076558312355374e-02
6.688648782041706209e-02
8.467280637267260435e-02
7.689500690996486920e-02
-7.539148689859043184e-02
-5.411892283504726731e-02
-5.522370677304977438e-02
-3.737744186953262382e-02
-8.276294820697138732e-02
-7.104590673281052648e-02
-6.579542700635976349e-02
-6.832282220930963046e-02
7.468293076027759936e-02
8.713713589923438585e-02
6.920457988591754983e-02
8.169989090896179196e-02
-6.919988892587614071e-02
-6.858494840566475848e-02
-6.354359734732151210e-02
-6.018745742294073775e-02
3.268705805032834366e-02
7.794014471530019694e-02
1.139176521545463006e-01
1.056678986644312701e-01
2.771954252424257970e-02
5.175110262957360874e-03
-2.780287432705419448e-04
9.318498893789373128e-02
7.220279208894664347e-02
3.804906362480409143e-02
7.247869735823675441e-02
7.546666320242356729e-02
9.042251604529760733e-02
8.542596815882652628e-02
1.000623554798923953e-01
-1.983228727669172908e-02
-3.273207897924257370e-02
1.128036390955822199e-02
2.714126824198692667e-03
1.878056972114638956e-02
8.771625323021892129e-03
1.912356782389379450e-02
1.939656599052386188e-02
5.357118091176082952e-02
8.652879046386430240e-02
-4.084249946240681162e-03
1.544266211987854742e-02
5.973092515757882914e-02
6.905423770329549571e-02
8.080468397464335428e-02
6.644305131094155326e-02
-3.099885256914736154e-03
-3.968046435660177451e-03
-3.145483350769695541e-03
-6.936751649701700106e-03
-2.116420700900550900e-02
-1.434822398837509727e-02
-3.199400488168124834e-02
7.870509526975094650e-02
7.053671138250461325e-02
6.546983258964972352e-02
6.026156924557019012e-02
7.640653262556607039e-02
9.188179145831343320e-02
5.197693769969502497e-02
4.661467306488131790e-02
-4.102262037410342455e-02
-5.020189285278320312e-02
-5.431664993430440624e-02
-5.862342998815606165e-02
-4.045173422634418259e-02
-4.797700142098293430e-02
-4.682357079053722781e-02
-4.628757584109499668e-02
-5.737502723783927117e-02
-6.943764376463645860e-02
-1.502449797813953936e-02
-1.953052541558530919e-02
-4.362931103585654391e-03
-3.175255078391803210e-02
-3.323254823526478052e-02
8.930699993532575931e-03
1.827307475139283710e-02
-6.785966985825009345e-04
-3.361452418267130149e-03
-4.399450065129473231e-02
-7.891950254194535219e-02
-6.517001484469131523e-02
-6.760745102055720768e-02
-6.902787499084445111e-02
-5.852011483718488893e-02
-4.884579482694048624e-02
-3.818402989401700753e-02
-2.410029220496712199e-03
-1.057568048431389851e-02
-2.679969316140151658e-02
-2.477060636315320252e-02
-1.124093080566412883e-02
2.798625720363379088e-03
1.745895987497914081e-02
1.116205776124090665e-02
