3.701759129762649536e-02
3.887704014778137207e-02
2.322894781827926636e-01
3.750150799751281738e-01
4.877215623855590820e-01
4.328467696905136108e-02
4.595112800598144531e-02
5.020582675933837891e-01
7.815753817558288574e-01
8.176571726799011230e-01
3.970975801348686218e-02
8.898733258247375488e-01
5.984691381454467773e-01
1.582719683647155762e-01
9.286106824874877930e-01
9.537834525108337402e-01
9.789492487907409668e-01
3.669626265764236450e-02
3.307644426822662354e-01
3.081568330526351929e-02
1.000834226608276367e+00
2.521557360887527466e-02
9.106278419494628906e-01
9.476861357688903809e-01
6.540290713310241699e-01
9.623228907585144043e-01
9.209461808204650879e-01
9.333269596099853516e-01
9.395226240158081055e-01
9.753589034080505371e-01
9.681252837181091309e-01
9.032020568847656250e-01
8.578676581382751465e-01
1.562421768903732300e-02
8.694776892662048340e-01
9.871260523796081543e-01
6.939114332199096680e-01
6.901649832725524902e-01
7.748215794563293457e-01
1.023344516754150391e+00
1.018159985542297363e+00
2.000893652439117432e-01
2.160669416189193726e-01
2.389663755893707275e-01
2.620737254619598389e-01
2.882002890110015869e-01
8.212848305702209473e-01
8.122189640998840332e-01
8.694921433925628662e-02
8.048754930496215820e-01
1.021394848823547363e+00
6.903284788131713867e-02
7.636647224426269531e-01
4.113367572426795959e-02
8.184087872505187988e-01
7.983053326606750488e-01
4.772683978080749512e-02
1.031059265136718750e+00
7.297829985618591309e-01
6.983855962753295898e-01
1.035584449768066406e+00
9.323883652687072754e-01
3.344395756721496582e-01
-2.533964812755584717e-02
9.926629811525344849e-02
1.167821437120437622e-01
1.375277936458587646e-01
1.602825969457626343e-01
1.036408543586730957e+00
7.510437369346618652e-01
3.102235794067382812e-01
2.461899667978286743e-01
3.001743853092193604e-01
9.285817146301269531e-01
9.583960771560668945e-01
9.571810364723205566e-01
6.790316700935363770e-01
2.961605787277221680e-06
9.492192864418029785e-01
7.097343802452087402e-01
6.205407157540321350e-02
6.571673154830932617e-01
7.966987490653991699e-01
8.618043661117553711e-01
5.145351961255073547e-02
8.168386816978454590e-01
1.443022936582565308e-01
1.409754157066345215e-01
4.839972257614135742e-01
4.381209611892700195e-01
3.293375968933105469e-01
4.811355471611022949e-01
9.083331227302551270e-01
4.574590623378753662e-01
6.707673072814941406e-01
6.382180452346801758e-01
6.451153159141540527e-01
6.510251164436340332e-01
6.554864048957824707e-01
6.595976948738098145e-01
9.537557959556579590e-01
3.900757730007171631e-01
6.713801622390747070e-01
8.024829626083374023e-01
9.890007376670837402e-01
9.181970357894897461e-01
7.447839379310607910e-01
6.050391197204589844e-01
6.052872538566589355e-02
8.786690831184387207e-01
1.425910592079162598e-01
7.860193848609924316e-01
7.779077291488647461e-01
9.212157726287841797e-01
7.509839534759521484e-01
9.033727049827575684e-01
8.245442062616348267e-02
8.984314203262329102e-01
8.944319486618041992e-01
4.490916728973388672e-01
4.110725522041320801e-01
4.161981120705604553e-02
8.149968385696411133e-01
8.191773891448974609e-01
9.275291860103607178e-02
4.166363924741744995e-02
4.201203957200050354e-02
4.244457185268402100e-02
7.162852287292480469e-01
7.119455933570861816e-01
7.039881348609924316e-01
5.421380996704101562e-01
5.553131923079490662e-02
5.409654602408409119e-02
5.826622247695922852e-01
4.550440609455108643e-02
3.859097138047218323e-02
5.306548625230789185e-02
6.975418925285339355e-01
6.784433722496032715e-01
3.152896761894226074e-01
3.501112759113311768e-02
3.632478117942810059e-01
7.004042863845825195e-01
8.552131056785583496e-01
8.627826571464538574e-01
3.742601349949836731e-02
8.542912602424621582e-01
5.936440825462341309e-01
8.619347810745239258e-01
8.621940612792968750e-01
1.656081974506378174e-01
5.911968350410461426e-01
8.827029466629028320e-01
1.595860272645950317e-01
6.170578002929687500e-01
9.125792980194091797e-01
9.300109744071960449e-01
3.497993350028991699e-01
3.255459666252136230e-01
2.979841530323028564e-01
1.405287981033325195e-01
7.565572261810302734e-01
8.950736522674560547e-01
8.402616381645202637e-01
7.914679050445556641e-01
3.900123834609985352e-01
4.063486754894256592e-01
9.944825768470764160e-01
1.024541974067687988e+00
1.039338707923889160e+00
4.253959953784942627e-01
-1.093436218798160553e-02
5.391299128532409668e-01
5.722251534461975098e-01
5.352570414543151855e-01
8.110884428024291992e-01
8.130950927734375000e-01
6.521567702293395996e-04
1.008359909057617188e+00
4.799390677362680435e-03
2.112273126840591431e-03
-7.848389446735382080e-03
7.765495777130126953e-01
1.771609298884868622e-02
8.297022581100463867e-01
3.188777714967727661e-02
1.060570597648620605e+00
9.676319360733032227e-01
4.763590916991233826e-02
9.636842012405395508e-01
1.443329304456710815e-01
1.823720932006835938e-01
9.799774885177612305e-01
1.017965912818908691e+00
8.516747951507568359e-01
5.781271681189537048e-02
5.104210227727890015e-02
6.568089127540588379e-01
5.661365389823913574e-01
5.560485124588012695e-01
8.472356796264648438e-01
8.553715944290161133e-01
6.179980039596557617e-01
7.351371645927429199e-01
8.845801353454589844e-01
6.609506011009216309e-01
6.557534337043762207e-01
8.828164339065551758e-01
8.503435254096984863e-01
8.517086505889892578e-01
8.665076494216918945e-01
1.012442111968994141e+00
3.521528840065002441e-01
4.542594254016876221e-01
8.248858451843261719e-01
7.507086992263793945e-01
9.955232739448547363e-01
7.622414827346801758e-01
8.295751810073852539e-01
9.430449008941650391e-01
9.484913349151611328e-01
9.974663257598876953e-01
4.645552039146423340e-01
9.641798138618469238e-01
8.635601997375488281e-01
5.737935900688171387e-01
8.238042891025543213e-02
1.039788722991943359e+00
1.041036367416381836e+00
9.223300814628601074e-01
1.028967499732971191e+00
1.009738892316818237e-01
6.094791293144226074e-01
7.746526002883911133e-01
1.033647537231445312e+00
5.494132041931152344e-01
1.055958628654479980e+00
8.481120467185974121e-01
8.516734838485717773e-01
1.006103634834289551e+00
2.951259613037109375e-01
8.813248276710510254e-01
2.770060300827026367e-01
1.085311546921730042e-01
9.649926424026489258e-02
1.277370899915695190e-01
2.017148584127426147e-01
2.988705039024353027e-01
8.935263752937316895e-02
9.157484173774719238e-01
3.983471691608428955e-01
1.290557980537414551e-01
3.891708850860595703e-01
9.214679598808288574e-01
9.532405138015747070e-01
9.902316927909851074e-01
7.407370209693908691e-02
8.942114114761352539e-01
8.707110881805419922e-01
9.784303903579711914e-01
9.531834125518798828e-01
9.398210048675537109e-01
9.500681161880493164e-01
7.701481580734252930e-01
6.941425800323486328e-02
8.415533304214477539e-01
5.394386500120162964e-02
7.469506263732910156e-01
8.549454808235168457e-01
6.318046897649765015e-02
7.086327672004699707e-02
4.612850546836853027e-01
8.945691585540771484e-02
3.482677340507507324e-01
2.868586182594299316e-01
5.444777607917785645e-01
5.205619335174560547e-01
4.071519374847412109e-01
2.952215671539306641e-01
2.154534757137298584e-01
1.539952009916305542e-01
6.061942875385284424e-02
1.206184625625610352e-01
2.009788751602172852e-01
2.843141257762908936e-01
3.251433968544006348e-01
2.119129002094268799e-01
2.944300472736358643e-01
1.765213012695312500e-01
1.928499042987823486e-01
4.321143925189971924e-01
5.195166543126106262e-02
8.961206674575805664e-02
5.139220356941223145e-01
1.495145559310913086e-01
4.578683972358703613e-01
1.818900406360626221e-01
4.648321866989135742e-01
1.504643410444259644e-01
5.357865095138549805e-01
1.203711330890655518e-01
3.238449692726135254e-01
4.516130387783050537e-01
1.215706691145896912e-01
5.511922836303710938e-01
2.754614949226379395e-01
4.274900257587432861e-01
5.126138329505920410e-01
2.636568248271942139e-01
4.169180095195770264e-01
4.771134555339813232e-01
1.689976602792739868e-01
3.478410243988037109e-01
6.807441115379333496e-01
2.868682444095611572e-01
4.760308861732482910e-01
2.658631503582000732e-01
4.524358510971069336e-01
6.870245933532714844e-01
2.787460684776306152e-01
4.739841222763061523e-01
7.604865431785583496e-01
1.575800478458404541e-01
7.248058319091796875e-01
3.696721196174621582e-01
8.492346107959747314e-02
7.596755623817443848e-01
2.631864547729492188e-01
8.169426918029785156e-01
7.257244586944580078e-01
2.743596732616424561e-01
8.559758961200714111e-02
7.591573596000671387e-01
4.145416021347045898e-01
1.682869493961334229e-01
5.091811418533325195e-01
3.515922427177429199e-01
1.596502214670181274e-01
8.612569570541381836e-01
7.019490003585815430e-01
2.901472747325897217e-01
7.383762300014495850e-02
6.570003032684326172e-01
8.088482618331909180e-01
3.722705841064453125e-01
1.038874611258506775e-01
5.370666384696960449e-01
7.362849116325378418e-01
3.125098347663879395e-01
2.530388236045837402e-01
8.998236656188964844e-01
5.770584940910339355e-01
3.973099291324615479e-01
1.242017373442649841e-01
8.606854081153869629e-01
6.767680048942565918e-01
7.703875899314880371e-01
3.051849305629730225e-01
1.181766986846923828e-01
4.878360033035278320e-01
5.807924270629882812e-01
4.314211905002593994e-01
3.149190545082092285e-01
9.128372669219970703e-01
6.366289258003234863e-01
8.436905741691589355e-01
3.278580009937286377e-01
8.547924160957336426e-01
7.016577720642089844e-01
7.803122401237487793e-01
4.110040664672851562e-01
1.131513267755508423e-01
9.255250096321105957e-01
5.937091708183288574e-01
4.631075859069824219e-01
1.348234713077545166e-01
9.131119847297668457e-01
6.667730212211608887e-01
8.452111482620239258e-01
4.484703838825225830e-01
8.851857781410217285e-01
9.604142308235168457e-01
6.105789542198181152e-01
4.775481224060058594e-01
1.240497976541519165e-01
9.203276038169860840e-01
5.616002082824707031e-01
7.548016905784606934e-01
4.269211292266845703e-01
3.443138897418975830e-01
9.336203932762145996e-01
5.744794011116027832e-01
6.259046792984008789e-01
5.400542020797729492e-01
1.734738349914550781e-01
9.245627522468566895e-01
9.960188269615173340e-01
6.902159452438354492e-01
8.292054533958435059e-01
3.945298790931701660e-01
8.981716036796569824e-01
9.491567015647888184e-01
5.997683405876159668e-01
6.562947630882263184e-01
5.189142823219299316e-01
1.934715807437896729e-01
8.939480185508728027e-01
9.543957710266113281e-01
7.673838138580322266e-01
6.476467847824096680e-01
4.485830366611480713e-01
2.317550480365753174e-01
8.847042918205261230e-01
9.833261966705322266e-01
7.655201554298400879e-01
7.827898263931274414e-01
4.316074252128601074e-01
3.069361448287963867e-01
8.769570589065551758e-01
9.597838521003723145e-01
1.004670381546020508e+00
8.280554413795471191e-01
5.152962803840637207e-01
2.933214604854583740e-01
9.115737676620483398e-01
9.661291241645812988e-01
1.001787781715393066e+00
7.924211025238037109e-01
4.527507722377777100e-01
3.141919970512390137e-01
9.015499353408813477e-01
9.978897571563720703e-01
7.824618220329284668e-01
5.648431181907653809e-01
1.510545760393142700e-01
4.511480331420898438e-01
9.638646841049194336e-01
1.008229017257690430e+00
6.414985060691833496e-01
5.875652432441711426e-01
1.322959661483764648e-01
6.570212543010711670e-02
9.967861175537109375e-01
9.919629096984863281e-01
7.977632284164428711e-01
4.933809041976928711e-01
3.224478363990783691e-01
9.720958471298217773e-01
1.006651043891906738e+00
9.735411405563354492e-01
5.580499172210693359e-01
2.226478457450866699e-01
4.501012563705444336e-01
9.855886697769165039e-01
1.009835004806518555e+00
6.467522382736206055e-01
5.596184730529785156e-01
3.151980042457580566e-01
4.500972628593444824e-01
9.907885193824768066e-01
1.005972266197204590e+00
9.716119170188903809e-01
8.696280717849731445e-01
5.248991847038269043e-01
3.624164164066314697e-01
9.134746789932250977e-01
1.015157938003540039e+00
9.764673709869384766e-01
8.449089527130126953e-01
6.261177659034729004e-01
2.627951800823211670e-01
1.484235674142837524e-01
1.004822492599487305e+00
9.703214764595031738e-01
6.862749457359313965e-01
5.747910141944885254e-01
2.365834712982177734e-01
4.414285719394683838e-01
9.891884922981262207e-01
1.008072733879089355e+00
9.639418721199035645e-01
8.381645083427429199e-01
5.768145918846130371e-01
2.354093492031097412e-01
9.441559016704559326e-02
1.003199100494384766e+00
9.669118523597717285e-01
6.848685145378112793e-01
9.033933877944946289e-01
5.264982581138610840e-01
4.039304554462432861e-01
9.520645439624786377e-02
9.797344207763671875e-01
1.007318377494812012e+00
8.192763328552246094e-01
7.563062906265258789e-01
6.575062274932861328e-01
2.841216921806335449e-01
1.914277821779251099e-01
9.225466847419738770e-01
1.014067173004150391e+00
9.592875242233276367e-01
6.948598623275756836e-01
8.749856948852539062e-01
6.058713793754577637e-01
4.290248751640319824e-01
1.540234833955764771e-01
9.740314483642578125e-01
1.016654372215270996e+00
9.536921381950378418e-01
7.056326866149902344e-01
8.850147128105163574e-01
5.685167312622070312e-01
4.110968112945556641e-01
1.226770430803298950e-01
9.331594109535217285e-01
1.008025884628295898e+00
9.591631293296813965e-01
7.343477606773376465e-01
8.990526795387268066e-01
5.717495083808898926e-01
5.048009753227233887e-01
1.197189092636108398e-01
9.363213777542114258e-01
1.009803056716918945e+00
9.598252773284912109e-01
7.238643765449523926e-01
9.122835993766784668e-01
6.087990403175354004e-01
4.377006292343139648e-01
1.735879629850387573e-01
9.790204167366027832e-01
1.020743608474731445e+00
9.566427469253540039e-01
8.530114889144897461e-01
8.668460845947265625e-01
7.213851213455200195e-01
3.549014925956726074e-01
5.646961331367492676e-01
9.937190413475036621e-01
1.014649629592895508e+00
1.016270875930786133e+00
9.253946542739868164e-01
8.402584791183471680e-01
8.870795965194702148e-01
6.464574933052062988e-01
4.345513880252838135e-01
5.303637981414794922e-01
9.275707602500915527e-02
1.008917808532714844e+00
1.006437420845031738e+00
9.345697760581970215e-01
8.348044157028198242e-01
9.018871784210205078e-01
7.301816940307617188e-01
3.074381053447723389e-01
5.439701080322265625e-01
5.023332685232162476e-02
1.019170641899108887e+00
1.014719963073730469e+00
9.352211952209472656e-01
8.480362296104431152e-01
8.809775710105895996e-01
6.677386760711669922e-01
4.631593823432922363e-01
5.797534584999084473e-01
9.683190584182739258e-01
1.022282600402832031e+00
1.000953793525695801e+00
9.237000346183776855e-01
7.762656211853027344e-01
9.541550874710083008e-01
6.611410379409790039e-01
5.172269344329833984e-01
7.230406999588012695e-02
1.015103101730346680e+00
1.013729929924011230e+00
9.701625704765319824e-01
8.013717532157897949e-01
7.488137483596801758e-01
9.214104413986206055e-01
4.018312692642211914e-01
1.736205518245697021e-01
1.017364978790283203e+00
1.002834916114807129e+00
9.624065160751342773e-01
7.966369390487670898e-01
7.757140398025512695e-01
6.729229688644409180e-01
5.552547574043273926e-01
8.972238749265670776e-02
9.844211339950561523e-01
9.729691743850708008e-01
7.960905432701110840e-01
7.967746853828430176e-01
9.122629165649414062e-01
4.400177597999572754e-01
5.486330389976501465e-01
9.972860813140869141e-01
1.010326504707336426e+00
9.402389526367187500e-01
8.493136167526245117e-01
8.965881466865539551e-01
5.416305661201477051e-01
5.588971376419067383e-01
9.876120090484619141e-01
1.008067727088928223e+00
9.195559620857238770e-01
9.684741497039794922e-01
9.078589677810668945e-01
4.472283422946929932e-01
6.883008480072021484e-01
1.012969136238098145e+00
9.929692745208740234e-01
9.603447318077087402e-01
7.549740672111511230e-01
8.927574157714843750e-01
9.431195259094238281e-01
6.514777541160583496e-01
9.859257936477661133e-01
9.810288548469543457e-01
9.580668210983276367e-01
7.449197769165039062e-01
9.032410979270935059e-01
7.254025340080261230e-01
6.466365456581115723e-01
1.841161251068115234e-01
9.783205389976501465e-01
9.710431694984436035e-01
7.662796378135681152e-01
8.282535672187805176e-01
9.326941967010498047e-01
5.365517735481262207e-01
2.736336588859558105e-01
9.998843669891357422e-01
9.848468899726867676e-01
9.016379117965698242e-01
7.366312146186828613e-01
8.792454004287719727e-01
7.451620697975158691e-01
6.588786840438842773e-01
1.218987107276916504e-01
1.021203398704528809e+00
9.956705570220947266e-01
8.981508016586303711e-01
6.865913867950439453e-01
9.803979396820068359e-01
8.761224746704101562e-01
6.296116709709167480e-01
7.062692046165466309e-01
2.632308900356292725e-01
1.007612228393554688e+00
9.902974367141723633e-01
9.678192734718322754e-01
7.943465709686279297e-01
7.028602361679077148e-01
8.405957818031311035e-01
9.751430153846740723e-01
6.166473031044006348e-01
7.203862071037292480e-01
4.005805552005767822e-01
1.018678188323974609e+00
1.002898216247558594e+00
9.516341090202331543e-01
8.220865130424499512e-01
6.956290006637573242e-01
9.239253997802734375e-01
9.392012357711791992e-01
7.899627089500427246e-01
6.870625615119934082e-01
3.337457180023193359e-01
1.004640340805053711e+00
9.727934002876281738e-01
9.362850785255432129e-01
9.097580313682556152e-01
6.744800209999084473e-01
5.720883011817932129e-01
9.082204103469848633e-01
9.631723165512084961e-01
6.232983469963073730e-01
7.262353301048278809e-01
4.607911407947540283e-01
1.015467762947082520e+00
1.012068152427673340e+00
9.284837245941162109e-01
9.052348732948303223e-01
7.555236220359802246e-01
5.486516356468200684e-01
9.015420675277709961e-01
9.637279510498046875e-01
8.153312206268310547e-01
7.352669239044189453e-01
4.752521812915802002e-01
1.017580032348632812e+00
1.014800190925598145e+00
1.004726171493530273e+00
9.109489917755126953e-01
6.440874934196472168e-01
4.795438349246978760e-01
8.963389992713928223e-01
8.338108062744140625e-01
4.744682610034942627e-01
6.733934879302978516e-01
2.966136932373046875e-01
1.020706653594970703e+00
9.744042158126831055e-01
9.353071451187133789e-01
7.168311476707458496e-01
6.241241097450256348e-01
9.465880990028381348e-01
9.624174833297729492e-01
8.076296448707580566e-01
6.930469274520874023e-01
4.149439632892608643e-01
1.019119977951049805e+00
1.009623408317565918e+00
9.977734088897705078e-01
8.716615438461303711e-01
6.000549197196960449e-01
1.014606237411499023e+00
8.738879561424255371e-01
7.653689980506896973e-01
7.010874152183532715e-01
3.779997825622558594e-01
1.019805908203125000e+00
1.013318777084350586e+00
9.954064488410949707e-01
8.893929123878479004e-01
6.076713204383850098e-01
1.012976646423339844e+00
9.044524431228637695e-01
8.289877176284790039e-01
5.479252934455871582e-01
9.125980734825134277e-02
1.462225615978240967e-01
1.012274503707885742e+00
9.527732729911804199e-01
8.530911207199096680e-01
6.270496845245361328e-01
3.675087392330169678e-01
9.351754188537597656e-01
8.216046690940856934e-01
5.207357406616210938e-01
7.625183463096618652e-01
4.144171178340911865e-01
6.896243989467620850e-02
1.009605169296264648e+00
9.825931787490844727e-01
8.509289026260375977e-01
5.828766822814941406e-01
2.108962386846542358e-01
9.014538526535034180e-01
8.206693530082702637e-01
5.335062146186828613e-01
6.748037934303283691e-01
5.188511610031127930e-01
1.020374536514282227e+00
1.000778079032897949e+00
9.039683341979980469e-01
6.816741824150085449e-01
5.128237009048461914e-01
1.022730112075805664e+00
9.200282692909240723e-01
8.403535485267639160e-01
5.687900781631469727e-01
5.815830230712890625e-01
5.089589357376098633e-01
1.019193291664123535e+00
1.001370668411254883e+00
9.784321188926696777e-01
6.308349967002868652e-01
4.975980818271636963e-01
1.243381872773170471e-01
9.454573392868041992e-01
1.003319621086120605e+00
5.632647275924682617e-01
5.816488862037658691e-01
4.893929958343505859e-01
6.034216657280921936e-02
1.000920057296752930e+00
9.851853251457214355e-01
8.619977831840515137e-01
5.074123740196228027e-01
1.737190186977386475e-01
1.026728749275207520e+00
1.019831180572509766e+00
8.177566528320312500e-01
7.476935386657714844e-01
7.034116238355636597e-02
2.865572571754455566e-01
1.020573735237121582e+00
9.527462720870971680e-01
9.249204993247985840e-01
6.115050911903381348e-01
3.742477297782897949e-01
8.757425099611282349e-02
9.654746055603027344e-01
8.562170863151550293e-01
6.334305405616760254e-01
6.898608803749084473e-01
3.914026319980621338e-01
2.215271890163421631e-01
9.927071928977966309e-01
9.383246898651123047e-01
9.194262027740478516e-01
6.399816274642944336e-01
4.186273217201232910e-01
6.134926155209541321e-02
9.885745048522949219e-01
9.075573682785034180e-01
6.511334180831909180e-01
6.332925558090209961e-01
5.037086009979248047e-01
1.009842276573181152e+00
9.882098436355590820e-01
8.926523923873901367e-01
8.181319236755371094e-01
5.819001793861389160e-01
2.512967288494110107e-01
1.033921718597412109e+00
8.757044672966003418e-01
6.483795046806335449e-01
8.049214482307434082e-01
4.054975807666778564e-01
6.591209769248962402e-02
9.902163743972778320e-01
9.548012018203735352e-01
8.304516673088073730e-01
6.012152433395385742e-01
3.900577127933502197e-01
6.170987710356712341e-02
9.400289058685302734e-01
8.756111264228820801e-01
8.892490267753601074e-01
6.927955746650695801e-01
3.173190355300903320e-01
9.908580780029296875e-01
9.555374979972839355e-01
8.269620537757873535e-01
6.434454321861267090e-01
4.407967925071716309e-01
1.445150822401046753e-01
9.992274045944213867e-01
9.564896225929260254e-01
5.857746005058288574e-01
7.031437754631042480e-01
2.784687280654907227e-01
1.010605573654174805e+00
9.429478049278259277e-01
8.151797056198120117e-01
6.859074234962463379e-01
5.226975679397583008e-01
2.326818257570266724e-01
1.031576275825500488e+00
9.698028564453125000e-01
6.840084791183471680e-01
7.560954689979553223e-01
3.181872069835662842e-01
1.007281303405761719e+00
9.543796181678771973e-01
8.365089297294616699e-01
6.738508939743041992e-01
5.112251043319702148e-01
1.731120049953460693e-01
1.004012227058410645e+00
6.065460443496704102e-01
7.943587303161621094e-01
5.666779875755310059e-01
9.973815679550170898e-01
9.335167407989501953e-01
8.728138208389282227e-01
6.931334733963012695e-01
5.179414153099060059e-01
1.102258190512657166e-01
1.017622828483581543e+00
6.624767780303955078e-01
8.327704071998596191e-01
3.297848999500274658e-01
9.762344956398010254e-01
9.374428987503051758e-01
8.553380966186523438e-01
6.908949017524719238e-01
5.066803693771362305e-01
1.020364999771118164e+00
1.002096414566040039e+00
6.940093636512756348e-01
7.960262298583984375e-01
3.542374372482299805e-01
9.640845060348510742e-01
8.828703761100769043e-01
8.091039061546325684e-01
6.314176321029663086e-01
4.770056009292602539e-01
1.000728964805603027e+00
9.895765781402587891e-01
9.137955904006958008e-01
7.859255671501159668e-01
2.226253598928451538e-02
9.436307549476623535e-01
8.246796131134033203e-01
7.736745476722717285e-01
5.799809694290161133e-01
1.450665444135665894e-01
1.033737421035766602e+00
9.877062439918518066e-01
9.169370532035827637e-01
8.022731542587280273e-01
4.197774082422256470e-02
9.555976390838623047e-01
8.689358234405517578e-01
7.199386954307556152e-01
5.707225203514099121e-01
1.298193335533142090e-01
1.028563022613525391e+00
9.866462349891662598e-01
7.050912380218505859e-01
8.030211329460144043e-01
8.970694243907928467e-02
9.543597102165222168e-01
9.245963096618652344e-01
7.018440365791320801e-01
5.354183912277221680e-01
9.699389338493347168e-02
1.028574943542480469e+00
6.056114435195922852e-01
9.358991980552673340e-01
7.998725771903991699e-01
1.058888360857963562e-01
9.562554359436035156e-01
9.369657039642333984e-01
7.257227897644042969e-01
5.292278528213500977e-01
1.286361515522003174e-01
1.030025601387023926e+00
1.000604510307312012e+00
7.626183629035949707e-01
8.987969160079956055e-01
4.733653068542480469e-01
9.179466217756271362e-02
8.885589241981506348e-01
8.426893949508666992e-01
6.034291982650756836e-01
3.907535672187805176e-01
1.018895745277404785e+00
9.734880924224853516e-01
5.904105305671691895e-01
7.225929498672485352e-01
7.942100167274475098e-01
4.131182134151458740e-01
9.293039143085479736e-02
9.217319488525390625e-01
7.802136540412902832e-01
5.135178565979003906e-01
7.001259922981262207e-02
1.010967731475830078e+00
1.028636217117309570e+00
9.353277087211608887e-01
8.434118628501892090e-01
8.219932913780212402e-01
5.481509566307067871e-01
8.751294612884521484e-01
7.818259000778198242e-01
6.520699858665466309e-01
3.184681534767150879e-01
1.021404266357421875e+00
1.025575518608093262e+00
6.599839925765991211e-01
7.571172714233398438e-01
8.254989385604858398e-01
3.426035940647125244e-01
8.776460886001586914e-01
8.084580898284912109e-01
6.452623009681701660e-01
3.798510134220123291e-01
9.997552633285522461e-01
9.711706042289733887e-01
9.501142501831054688e-01
7.633844614028930664e-01
8.092472553253173828e-01
3.604000210762023926e-01
8.562719225883483887e-01
7.989351749420166016e-01
4.531719088554382324e-01
3.162056505680084229e-01
9.808028340339660645e-01
9.968761801719665527e-01
9.517267346382141113e-01
7.086277604103088379e-01
8.494912385940551758e-01
4.562779068946838379e-01
1.245958134531974792e-01
8.678161501884460449e-01
6.071355342864990234e-01
3.550707697868347168e-01
1.079483106732368469e-01
1.009458661079406738e+00
9.977836608886718750e-01
6.506635546684265137e-01
8.981921672821044922e-01
4.557313323020935059e-01
1.711467504501342773e-01
7.617927193641662598e-01
6.124750375747680664e-01
3.396123945713043213e-01
1.091828718781471252e-01
1.002300143241882324e+00
9.953202009201049805e-01
6.227554082870483398e-01
8.254464268684387207e-01
5.157667398452758789e-01
2.744831740856170654e-01
8.226605653762817383e-01
7.375928163528442383e-01
4.950079321861267090e-01
1.987149566411972046e-01
9.648261070251464844e-01
9.504901170730590820e-01
5.973614454269409180e-01
7.824813723564147949e-01
5.122128725051879883e-01
2.787008285522460938e-01
7.771736979484558105e-01
7.151515483856201172e-01
4.310298562049865723e-01
2.226113826036453247e-01
9.555163383483886719e-01
9.766594171524047852e-01
9.310753941535949707e-01
9.115753173828125000e-01
3.564930856227874756e-01
2.876446247100830078e-01
7.674243450164794922e-01
7.436685562133789062e-01
6.134296655654907227e-01
3.772696852684020996e-01
1.234778314828872681e-01
9.783699512481689453e-01
9.359261989593505859e-01
6.745639443397521973e-01
8.449565172195434570e-01
2.359557449817657471e-01
1.885341703891754150e-01
8.357275724411010742e-01
6.481098532676696777e-01
5.930716395378112793e-01
3.335627615451812744e-01
9.429093599319458008e-01
9.593159556388854980e-01
9.285483360290527344e-01
7.408244609832763672e-01
8.584153652191162109e-01
3.289554417133331299e-01
1.888517141342163086e-01
7.908555865287780762e-01
6.327443718910217285e-01
6.046451330184936523e-01
3.574904799461364746e-01
7.776743173599243164e-02
9.677464962005615234e-01
9.670796394348144531e-01
6.027531027793884277e-01
8.801917433738708496e-01
5.129504799842834473e-01
1.729563176631927490e-01
8.959424495697021484e-01
6.800587773323059082e-01
6.687555313110351562e-01
4.760354161262512207e-01
2.008257806301116943e-01
9.589583873748779297e-01
9.638834595680236816e-01
9.226733446121215820e-01
7.186869978904724121e-01
8.596730232238769531e-01
4.100368320941925049e-01
1.679342053830623627e-02
7.525339722633361816e-01
6.904897689819335938e-01
5.776831507682800293e-01
4.060489535331726074e-01
1.286296546459197998e-01
9.428659081459045410e-01
9.639260768890380859e-01
7.492697238922119141e-01
8.944876194000244141e-01
8.135814666748046875e-01
3.875000774860382080e-01
8.743610978126525879e-01
8.078725934028625488e-01
5.925685167312622070e-01
5.478402972221374512e-01
2.321408540010452271e-01
9.519510865211486816e-01
9.692749977111816406e-01
9.467302560806274414e-01
9.042265415191650391e-01
8.323050141334533691e-01
4.728642702102661133e-01
8.758220672607421875e-01
7.240384817123413086e-01
6.387188434600830078e-01
5.327084064483642578e-01
2.625675797462463379e-01
8.828253746032714844e-01
9.718226194381713867e-01
9.538881182670593262e-01
6.396384835243225098e-01
8.390453457832336426e-01
4.389588832855224609e-01
1.471690535545349121e-01
8.763064146041870117e-01
7.711279988288879395e-01
5.841484069824218750e-01
5.042754411697387695e-01
1.254692226648330688e-01
9.090016484260559082e-01
9.690922498703002930e-01
7.920019626617431641e-01
8.277536630630493164e-01
8.322740793228149414e-01
4.791082143783569336e-01
8.722446560859680176e-01
7.290129661560058594e-01
6.148590445518493652e-01
5.093029737472534180e-01
2.725751996040344238e-01
8.785071372985839844e-01
9.905707240104675293e-01
9.549385309219360352e-01
9.114245176315307617e-01
8.532779812812805176e-01
4.964566826820373535e-01
1.688038706779479980e-01
8.605083823204040527e-01
7.016279101371765137e-01
5.646107792854309082e-01
5.088595747947692871e-01
1.815012395381927490e-01
9.308005571365356445e-01
9.839403033256530762e-01
7.250447869300842285e-01
9.551426768302917480e-01
8.802368044853210449e-01
4.927634000778198242e-01
5.367249250411987305e-01
7.777866125106811523e-01
5.891927480697631836e-01
5.736474394798278809e-01
4.891201555728912354e-01
1.305181980133056641e-01
9.039322137832641602e-01
1.004198789596557617e+00
8.016350269317626953e-01
9.123956561088562012e-01
8.627126812934875488e-01
5.381034016609191895e-01
1.778859794139862061e-01
7.995005846023559570e-01
6.381126046180725098e-01
4.792231321334838867e-01
4.518011808395385742e-01
6.895778328180313110e-02
9.987817406654357910e-01
9.971113204956054688e-01
6.983330845832824707e-01
8.559070825576782227e-01
8.594741821289062500e-01
2.249700278043746948e-01
8.484601974487304688e-01
7.244235873222351074e-01
6.630758643150329590e-01
4.520347714424133301e-01
2.027238607406616211e-01
9.339688420295715332e-01
1.012620687484741211e+00
5.857241153717041016e-01
9.563964605331420898e-01
8.944228887557983398e-01
6.029788851737976074e-01
6.146751046180725098e-01
8.229162693023681641e-01
6.923164129257202148e-01
4.344962835311889648e-01
4.523817896842956543e-01
1.008325815200805664e+00
1.014675498008728027e+00
9.977115392684936523e-01
6.224924921989440918e-01
9.041284322738647461e-01
6.258943080902099609e-01
6.067691445350646973e-01
7.849290370941162109e-01
6.825681924819946289e-01
6.297596693038940430e-01
4.257135093212127686e-01
8.746438622474670410e-01
1.012847304344177246e+00
5.940498113632202148e-01
6.873986124992370605e-01
8.809738159179687500e-01
6.146934628486633301e-01
6.445513963699340820e-01
8.162877559661865234e-01
6.882296204566955566e-01
4.286822974681854248e-01
4.334814548492431641e-01
8.673560619354248047e-01
1.020545482635498047e+00
9.692505598068237305e-01
6.704380512237548828e-01
6.412359476089477539e-01
3.840370774269104004e-01
1.815548837184906006e-01
7.984915375709533691e-01
6.909223198890686035e-01
5.235356092453002930e-01
8.811469376087188721e-02
9.367724657058715820e-01
1.022889971733093262e+00
8.841266632080078125e-01
8.988181352615356445e-01
6.260485053062438965e-01
6.311347484588623047e-01
8.349906206130981445e-01
7.068045139312744141e-01
4.617878496646881104e-01
1.726592183113098145e-01
8.999156355857849121e-01
1.012899637222290039e+00
7.514738440513610840e-01
9.005101919174194336e-01
6.617158651351928711e-01
3.774806559085845947e-01
8.528867363929748535e-01
7.101054787635803223e-01
4.658086895942687988e-01
1.557013392448425293e-01
9.084323048591613770e-01
1.024408459663391113e+00
7.637118101119995117e-01
9.096271991729736328e-01
5.579510927200317383e-01
6.575783491134643555e-01
8.118490576744079590e-01
6.835719943046569824e-01
5.121367573738098145e-01
2.638177946209907532e-02
9.546005129814147949e-01
1.020089149475097656e+00
8.889335393905639648e-01
6.594244837760925293e-01
4.024944901466369629e-01
2.936844527721405029e-01
7.750844955444335938e-01
5.926160812377929688e-01
4.042198359966278076e-01
8.805810213088989258e-01
1.006345748901367188e+00
9.668298959732055664e-01
8.125423789024353027e-01
6.753717660903930664e-01
3.752552270889282227e-01
6.980818510055541992e-02
7.118996381759643555e-01
5.691111087799072266e-01
2.778073847293853760e-01
9.239561557769775391e-01
1.024177432060241699e+00
9.726831316947937012e-01
9.249429702758789062e-01
6.120353937149047852e-01
6.428866982460021973e-01
8.572271466255187988e-01
6.977804899215698242e-01
4.857150614261627197e-01
4.376780986785888672e-02
9.989120960235595703e-01
9.991059303283691406e-01
8.299738764762878418e-01
6.421232223510742188e-01
4.003866612911224365e-01
2.988794445991516113e-01
7.402586936950683594e-01
5.840074419975280762e-01
3.962823748588562012e-01
1.008661389350891113e+00
1.022958040237426758e+00
8.218332529067993164e-01
9.454947113990783691e-01
5.378501415252685547e-01
6.567326784133911133e-01
7.837399840354919434e-01
6.745681762695312500e-01
5.040352344512939453e-01
3.285596370697021484e-01
1.007124185562133789e+00
9.930290579795837402e-01
8.646377921104431152e-01
9.327338933944702148e-01
4.328786134719848633e-01
2.859030961990356445e-01
7.350108027458190918e-01
5.756149888038635254e-01
4.199946522712707520e-01
1.650733053684234619e-01
1.014606833457946777e+00
9.493929147720336914e-01
9.423431158065795898e-01
9.463115930557250977e-01
4.254751205444335938e-01
6.392846107482910156e-01
8.400371074676513672e-01
6.704890727996826172e-01
4.475351274013519287e-01
3.826890885829925537e-01
1.003914237022399902e+00
9.759089946746826172e-01
8.654559254646301270e-01
9.445965290069580078e-01
4.729859232902526855e-01
6.872661113739013672e-01
1.098035722970962524e-01
7.031121253967285156e-01
5.642034411430358887e-01
4.131388962268829346e-01
8.724977970123291016e-01
1.016753911972045898e+00
6.990302205085754395e-01
7.905403971672058105e-01
9.404667615890502930e-01
4.299878478050231934e-01
5.937423110008239746e-01
1.575677096843719482e-01
7.039994001388549805e-01
5.956091880798339844e-01
4.917960166931152344e-01
2.698056995868682861e-01
1.010945916175842285e+00
9.777913689613342285e-01
8.197063803672790527e-01
9.327033758163452148e-01
8.978319168090820312e-01
4.594293534755706787e-01
6.273599863052368164e-01
3.677104711532592773e-01
7.053027749061584473e-01
6.129088997840881348e-01
4.519225955009460449e-01
3.396623432636260986e-01
9.970200061798095703e-01
1.020724296569824219e+00
7.155512571334838867e-01
7.920103073120117188e-01
9.337188005447387695e-01
5.145671963691711426e-01
4.743396341800689697e-01
2.910757064819335938e-01
7.527437806129455566e-01
6.672264933586120605e-01
5.328467488288879395e-01
3.883041441440582275e-01
9.968975782394409180e-01
1.021294355392456055e+00
7.590360641479492188e-01
8.053692579269409180e-01
8.963228464126586914e-01
4.954531788825988770e-01
6.173561215400695801e-01
2.174160927534103394e-01
6.960560083389282227e-01
5.780196189880371094e-01
4.080024361610412598e-01
9.119976162910461426e-01
9.593164324760437012e-01
7.345663309097290039e-01
7.911673784255981445e-01
8.881321549415588379e-01
5.114255547523498535e-01
6.050266027450561523e-01
3.311196863651275635e-01
7.299767136573791504e-01
6.090328097343444824e-01
4.077978134155273438e-01
9.435757398605346680e-01
9.613043069839477539e-01
7.689985036849975586e-01
8.091765642166137695e-01
9.184318780899047852e-01
5.017847418785095215e-01
1.965424865484237671e-01
2.700585126876831055e-01
6.543269157409667969e-01
5.413255691528320312e-01
3.730012178421020508e-01
9.857661128044128418e-01
9.631788134574890137e-01
7.717915177345275879e-01
8.126358389854431152e-01
9.149822592735290527e-01
5.225744247436523438e-01
2.222077846527099609e-01
3.109662830829620361e-01
6.588665246963500977e-01
4.801956713199615479e-01
3.200056254863739014e-01
9.915174245834350586e-01
9.993413686752319336e-01
8.226029872894287109e-01
9.132281541824340820e-01
5.574089288711547852e-01
5.737505555152893066e-01
1.342436075210571289e-01
4.389723539352416992e-01
6.402584314346313477e-01
4.597350656986236572e-01
2.410304695367813110e-01
1.005818486213684082e+00
1.007379770278930664e+00
8.385078907012939453e-01
8.634307980537414551e-01
5.584525465965270996e-01
6.216164827346801758e-01
1.785759180784225464e-01
1.257106810808181763e-01
6.071431636810302734e-01
4.762095510959625244e-01
2.503380775451660156e-01
1.003688812255859375e+00
1.005614280700683594e+00
8.228304982185363770e-01
8.889191150665283203e-01
5.529547333717346191e-01
6.533733606338500977e-01
4.106844365596771240e-01
7.010297775268554688e-01
5.671042799949645996e-01
4.212892651557922363e-01
9.467624425888061523e-01
9.817767143249511719e-01
8.175796866416931152e-01
8.970751762390136719e-01
6.062495112419128418e-01
6.319738626480102539e-01
2.819673717021942139e-01
1.216277033090591431e-01
6.271656155586242676e-01
4.749369323253631592e-01
2.588924765586853027e-01
9.909901022911071777e-01
1.010983943939208984e+00
8.200837969779968262e-01
8.520092964172363281e-01
6.373983025550842285e-01
7.209700345993041992e-01
4.439333081245422363e-01
7.190743684768676758e-01
5.444251894950866699e-01
4.804916381835937500e-01
2.002663910388946533e-01
9.891805648803710938e-01
1.005945444107055664e+00
8.120980858802795410e-01
8.494718670845031738e-01
6.485233306884765625e-01
7.560987472534179688e-01
4.446630477905273438e-01
7.224490642547607422e-01
5.150113701820373535e-01
3.922186493873596191e-01
1.116717308759689331e-01
9.896382689476013184e-01
7.866541743278503418e-01
8.181349039077758789e-01
8.603466749191284180e-01
6.637703776359558105e-01
2.206338942050933838e-01
4.571779966354370117e-01
6.896308660507202148e-01
5.234632492065429688e-01
4.103910923004150391e-01
1.616429537534713745e-01
9.740533232688903809e-01
9.991201162338256836e-01
8.159247636795043945e-01
8.380773067474365234e-01
6.731993556022644043e-01
6.829033493995666504e-01
2.712201476097106934e-01
1.524597257375717163e-01
5.989702343940734863e-01
4.309782981872558594e-01
2.143634706735610962e-01
8.689893484115600586e-01
9.552594423294067383e-01
8.141203522682189941e-01
8.291066288948059082e-01
8.815698623657226562e-01
7.534840703010559082e-01
4.060135781764984131e-01
6.169673204421997070e-01
8.002088069915771484e-01
5.188534855842590332e-01
2.968173623085021973e-01
8.226388692855834961e-01
9.740914106369018555e-01
9.810013771057128906e-01
8.167834281921386719e-01
8.271423578262329102e-01
6.961988806724548340e-01
7.014659643173217773e-01
4.222019314765930176e-01
6.792227029800415039e-01
7.052023410797119141e-01
5.963039398193359375e-01
3.309976756572723389e-01
9.246715307235717773e-01
9.656923413276672363e-01
9.755693674087524414e-01
8.133242130279541016e-01
8.162022233009338379e-01
8.680923581123352051e-01
7.834301590919494629e-01
2.806786298751831055e-01
5.658448934555053711e-01
1.670676320791244507e-01
8.023688197135925293e-01
4.667276740074157715e-01
1.935609877109527588e-01
9.364197850227355957e-01
9.079621434211730957e-01
8.052588105201721191e-01
8.184843063354492188e-01
8.558012247085571289e-01
7.860664725303649902e-01
2.858036160469055176e-01
5.799085497856140137e-01
7.984878122806549072e-02
7.794473767280578613e-01
5.287567973136901855e-01
2.053769677877426147e-01
9.353091716766357422e-01
9.608319997787475586e-01
8.104081153869628906e-01
8.267679214477539062e-01
7.299600839614868164e-01
7.629683017730712891e-01
3.483564257621765137e-01
7.705508172512054443e-02
7.633534669876098633e-01
5.498704910278320312e-01
2.014361619949340820e-01
9.439988136291503906e-01
9.376350641250610352e-01
8.185143470764160156e-01
8.427470326423645020e-01
7.854210734367370605e-01
2.953648865222930908e-01
5.846784114837646484e-01
1.164734810590744019e-01
6.235609650611877441e-01
2.811094820499420166e-01
8.731128573417663574e-01
8.740259408950805664e-01
8.104578852653503418e-01
8.288450241088867188e-01
8.522093892097473145e-01
7.786640524864196777e-01
4.065789580345153809e-01
1.341659575700759888e-01
7.711609005928039551e-01
5.049540400505065918e-01
1.542311310768127441e-01
9.008997678756713867e-01
9.032663702964782715e-01
8.076804280281066895e-01
8.496987819671630859e-01
7.839516401290893555e-01
4.040929675102233887e-01
1.744706779718399048e-01
7.896674275398254395e-01
3.759212493896484375e-01
1.264929473400115967e-01
8.761528134346008301e-01
8.093199133872985840e-01
8.217321038246154785e-01
7.577631473541259766e-01
7.490361928939819336e-01
7.162087559700012207e-01
8.895261585712432861e-02
5.685158967971801758e-01
3.467160761356353760e-01
8.373822569847106934e-01
8.606614470481872559e-01
8.094444274902343750e-01
8.224074244499206543e-01
7.579045891761779785e-01
7.309064269065856934e-01
2.122837901115417480e-01
1.261888742446899414e-01
5.544752478599548340e-01
3.390194177627563477e-01
8.331497311592102051e-01
8.304354548454284668e-01
8.093197345733642578e-01
8.185430169105529785e-01
8.090482354164123535e-01
7.191451191902160645e-01
1.600710898637771606e-01
1.380745023488998413e-01
5.262216925621032715e-01
3.059051334857940674e-01
1.196744218468666077e-01
8.409168720245361328e-01
8.435223698616027832e-01
8.082464337348937988e-01
8.289094567298889160e-01
7.511869668960571289e-01
4.685385525226593018e-01
2.841568887233734131e-01
6.953197121620178223e-01
4.054567813873291016e-01
1.935663074254989624e-01
8.839423656463623047e-01
8.747142553329467773e-01
8.242493867874145508e-01
8.332631587982177734e-01
7.931591272354125977e-01
5.263043045997619629e-01
2.198132872581481934e-01
1.058186292648315430e-01
5.920857787132263184e-01
2.891489863395690918e-01
1.499116420745849609e-01
8.538860678672790527e-01
8.712739944458007812e-01
8.259983658790588379e-01
8.326868414878845215e-01
8.211555480957031250e-01
6.964703202247619629e-01
9.402637183666229248e-02
3.307511508464813232e-01
7.351141571998596191e-01
3.856585025787353516e-01
1.931688487529754639e-01
8.641632795333862305e-01
8.678178787231445312e-01
8.440432548522949219e-01
8.177794218063354492e-01
7.836182713508605957e-01
7.419319748878479004e-01
5.538745522499084473e-01
2.678395211696624756e-01
1.809247136116027832e-01
5.098727345466613770e-01
2.239336073398590088e-01
7.526660710573196411e-02
7.737728357315063477e-01
8.690336942672729492e-01
8.175920844078063965e-01
8.151220679283142090e-01
7.778435945510864258e-01
7.320508360862731934e-01
5.704770088195800781e-01
2.050432860851287842e-01
1.461129039525985718e-01
6.239272356033325195e-01
2.588751316070556641e-01
1.050875782966613770e-01
8.378147482872009277e-01
8.674621582031250000e-01
8.480319380760192871e-01
8.296853303909301758e-01
8.281101584434509277e-01
8.289067745208740234e-01
4.705161750316619873e-01
6.546812057495117188e-01
2.394389212131500244e-01
7.341606616973876953e-01
3.993008732795715332e-01
1.524062752723693848e-01
7.229995727539062500e-01
8.594651222229003906e-01
8.448783755302429199e-01
8.304736018180847168e-01
8.192308545112609863e-01
7.949092388153076172e-01
7.086658477783203125e-01
4.319536089897155762e-01
7.791677117347717285e-02
2.204908132553100586e-01
4.933218657970428467e-01
1.907735764980316162e-01
7.187952995300292969e-01
7.925535440444946289e-01
8.720290660858154297e-01
8.355271816253662109e-01
8.311314582824707031e-01
8.400596976280212402e-01
8.124980330467224121e-01
5.937913656234741211e-01
6.397958397865295410e-01
4.192091822624206543e-01
6.849448680877685547e-01
3.177231252193450928e-01
8.995458483695983887e-02
8.609737157821655273e-01
8.749022483825683594e-01
8.561527132987976074e-01
8.345214128494262695e-01
8.280638456344604492e-01
7.773698568344116211e-01
6.815809011459350586e-01
6.021789908409118652e-01
1.536097526550292969e-01
7.242210507392883301e-01
4.321110248565673828e-01
1.355397850275039673e-01
6.986636519432067871e-01
8.416216969490051270e-01
8.496007919311523438e-01
8.362882733345031738e-01
8.283149003982543945e-01
8.405306935310363770e-01
8.193964362144470215e-01
4.976204931735992432e-01
7.820378243923187256e-02
2.735608220100402832e-01
5.433210730552673340e-01
1.717269122600555420e-01
6.861442327499389648e-01
8.635512590408325195e-01
8.624279499053955078e-01
8.311727046966552734e-01
8.276749253273010254e-01
7.727420330047607422e-01
6.835168004035949707e-01
6.225758790969848633e-01
1.530627906322479248e-01
6.802188754081726074e-01
3.128008246421813965e-01
8.258260041475296021e-02
7.655150294303894043e-01
9.123191833496093750e-01
8.416896462440490723e-01
8.306428194046020508e-01
8.511032462120056152e-01
7.813922762870788574e-01
5.236933231353759766e-01
5.546936765313148499e-02
2.978965640068054199e-01
4.604666531085968018e-01
1.396514177322387695e-01
8.878918290138244629e-01
9.272959232330322266e-01
8.598021268844604492e-01
8.370612263679504395e-01
8.485845327377319336e-01
8.397547006607055664e-01
5.223462581634521484e-01
5.344130098819732666e-02
2.627862095832824707e-01
3.654465079307556152e-01
1.276940107345581055e-01
8.507332205772399902e-01
9.388525485992431641e-01
8.622896671295166016e-01
8.391315937042236328e-01
8.510455489158630371e-01
8.417836427688598633e-01
5.318465232849121094e-01
6.698455810546875000e-01
2.614908516407012939e-01
6.027955412864685059e-01
2.026111781597137451e-01
8.787452578544616699e-01
9.188714027404785156e-01
8.650750517845153809e-01
8.460241556167602539e-01
8.363261222839355469e-01
7.122957110404968262e-01
6.976512670516967773e-01
5.124989748001098633e-01
1.024565100669860840e-01
4.395292103290557861e-01
5.302538871765136719e-01
1.568663865327835083e-01
8.893532156944274902e-01
7.228895425796508789e-01
8.737046122550964355e-01
8.489724397659301758e-01
8.390201330184936523e-01
7.655670642852783203e-01
6.034922003746032715e-01
6.693665981292724609e-01
1.948260515928268433e-01
4.661264717578887939e-01
4.697886705398559570e-01
1.261899471282958984e-01
8.903186321258544922e-01
7.685859203338623047e-01
8.633236885070800781e-01
8.418030738830566406e-01
8.413891196250915527e-01
8.192894458770751953e-01
6.478225588798522949e-01
6.847018599510192871e-01
2.088986337184906006e-01
4.526997804641723633e-01
5.205795764923095703e-01
1.227020174264907837e-01
8.871992826461791992e-01
7.876197099685668945e-01
8.690593242645263672e-01
8.435851931571960449e-01
8.486430048942565918e-01
8.382561802864074707e-01
6.882079839706420898e-01
5.951359122991561890e-02
2.965747714042663574e-01
4.560976028442382812e-01
4.934237897396087646e-01
1.316419243812561035e-01
8.937019705772399902e-01
7.785779833793640137e-01
8.696449995040893555e-01
8.474395275115966797e-01
8.617264628410339355e-01
8.028491139411926270e-01
5.569540262222290039e-01
9.331682324409484863e-02
3.191816210746765137e-01
4.268536567687988281e-01
5.707167387008666992e-01
1.380693018436431885e-01
8.764014840126037598e-01
8.399031162261962891e-01
8.700848817825317383e-01
8.434259891510009766e-01
8.679078817367553711e-01
8.628073930740356445e-01
5.617346763610839844e-01
1.114969849586486816e-01
3.406328856945037842e-01
4.391302764415740967e-01
5.560744404792785645e-01
1.594025641679763794e-01
7.247804999351501465e-01
9.715818166732788086e-01
8.725754618644714355e-01
8.446008563041687012e-01
8.641517758369445801e-01
7.872211337089538574e-01
7.050015926361083984e-01
8.506720513105392456e-02
2.753082513809204102e-01
4.276946187019348145e-01
6.124144792556762695e-01
3.300823271274566650e-01
7.548915594816207886e-02
8.951491117477416992e-01
9.766418337821960449e-01
8.709042072296142578e-01
8.512939214706420898e-01
7.538416981697082520e-01
7.372652292251586914e-01
7.200170755386352539e-01
1.448941677808761597e-01
3.203707337379455566e-01
4.548054337501525879e-01
6.193976402282714844e-01
3.335237801074981689e-01
7.777641713619232178e-02
8.757195472717285156e-01
8.887044191360473633e-01
8.719279766082763672e-01
8.496699333190917969e-01
8.666227459907531738e-01
8.365976214408874512e-01
6.835020184516906738e-01
1.186638027429580688e-01
3.130083680152893066e-01
4.686502814292907715e-01
9.011214971542358398e-02
3.742005228996276855e-01
9.452696144580841064e-02
7.766546607017517090e-01
9.690293073654174805e-01
9.441798925399780273e-01
8.580353856086730957e-01
8.628135323524475098e-01
8.464064598083496094e-01
7.210878133773803711e-01
1.822651028633117676e-01
4.039237499237060547e-01
5.480293631553649902e-01
6.037847399711608887e-01
1.670689582824707031e-01
8.670911192893981934e-01
9.650307297706604004e-01
9.551147818565368652e-01
8.685246706008911133e-01
8.585495948791503906e-01
8.499454855918884277e-01
7.451720237731933594e-01
2.094900012016296387e-01
4.179740250110626221e-01
5.472562909126281738e-01
6.614064574241638184e-01
1.255043148994445801e-01
8.352480530738830566e-01
9.631240963935852051e-01
9.379957914352416992e-01
9.051908850669860840e-01
8.786866664886474609e-01
9.069081544876098633e-01
7.619870901107788086e-01
2.821229398250579834e-01
5.950313806533813477e-01
9.238477796316146851e-02
4.018271565437316895e-01
7.055228352546691895e-01
9.543316364288330078e-01
8.689473867416381836e-01
8.666305541992187500e-01
8.800150752067565918e-01
7.811258435249328613e-01
1.883313953876495361e-01
3.122712969779968262e-01
5.294033288955688477e-01
1.089996322989463806e-01
4.327348768711090088e-01
8.170942664146423340e-01
9.336088895797729492e-01
8.642246127128601074e-01
8.644602298736572266e-01
9.101747274398803711e-01
8.017896413803100586e-01
2.065717279911041260e-01
5.181597471237182617e-01
5.739637613296508789e-01
5.092675685882568359e-01
7.168244719505310059e-01
9.381266236305236816e-01
8.497139811515808105e-01
8.674871921539306641e-01
8.987409472465515137e-01
7.940276861190795898e-01
2.263273000717163086e-01
5.486957430839538574e-01
5.870827436447143555e-01
6.680142879486083984e-01
7.405816018581390381e-02
8.403692245483398438e-01
8.484222888946533203e-01
8.929147720336914062e-01
8.718331456184387207e-01
8.499363660812377930e-01
2.231029868125915527e-01
4.926737844944000244e-01
5.954130887985229492e-01
6.371189951896667480e-01
8.520165085792541504e-01
8.364226818084716797e-01
8.467532396316528320e-01
9.386911392211914062e-01
8.757606148719787598e-01
9.572852253913879395e-01
2.802813053131103516e-01
3.806764185428619385e-01
6.188415884971618652e-01
1.213720515370368958e-01
4.136357009410858154e-01
8.182843923568725586e-01
8.637002110481262207e-01
9.598282575607299805e-01
9.325092434883117676e-01
9.147929549217224121e-01
8.122814893722534180e-01
2.563378810882568359e-01
5.783171653747558594e-01
6.089932918548583984e-01
1.521398723125457764e-01
3.294608592987060547e-01
8.311647176742553711e-01
8.356839418411254883e-01
9.699401259422302246e-01
8.887574672698974609e-01
9.863745570182800293e-01
8.394161462783813477e-01
2.867883145809173584e-01
6.048357486724853516e-01
6.284287571907043457e-01
4.890619516372680664e-01
1.391719579696655273e-01
8.414453864097595215e-01
8.170401453971862793e-01
9.756256341934204102e-01
8.925054669380187988e-01
9.488886594772338867e-01
8.624860048294067383e-01
2.688189148902893066e-01
5.241612195968627930e-01
6.322612166404724121e-01
2.486489117145538330e-01
3.206379413604736328e-01
7.521325349807739258e-01
7.991729378700256348e-01
9.873090386390686035e-01
9.505928158760070801e-01
8.835829496383666992e-01
9.306040406227111816e-01
8.986905217170715332e-01
3.335555493831634521e-01
6.055741310119628906e-01
6.452146768569946289e-01
2.797020375728607178e-01
2.918005585670471191e-01
6.643049716949462891e-01
7.994449734687805176e-01
8.573280572891235352e-01
9.450465440750122070e-01
8.931642770767211914e-01
9.960049390792846680e-01
7.524090409278869629e-01
9.269482493400573730e-01
3.408371806144714355e-01
4.653101861476898193e-01
6.480611562728881836e-01
2.915820181369781494e-01
2.613085508346557617e-01
7.993695735931396484e-01
8.389717936515808105e-01
7.980830073356628418e-01
1.035594463348388672e+00
9.417180418968200684e-01
8.920406103134155273e-01
9.617574810981750488e-01
8.201049566268920898e-01
3.835497498512268066e-01
4.536316096782684326e-01
6.228892803192138672e-01
2.522186636924743652e-01
3.900012969970703125e-01
1.756930500268936157e-01
6.567751765251159668e-01
7.853571772575378418e-01
8.673501610755920410e-01
1.020670890808105469e+00
9.128206372261047363e-01
9.710966348648071289e-01
9.714334607124328613e-01
8.755914568901062012e-01
4.004585444927215576e-01
4.705622494220733643e-01
6.675633788108825684e-01
3.202637434005737305e-01
4.050113260746002197e-01
1.495295315980911255e-01
6.888757348060607910e-01
7.645108103752136230e-01
7.830397486686706543e-01
1.053865790367126465e+00
9.292693138122558594e-01
8.886706829071044922e-01
9.860142469406127930e-01
9.765238165855407715e-01
3.769758343696594238e-01
5.940969586372375488e-01
6.724064350128173828e-01
2.961892187595367432e-01
1.762925684452056885e-01
7.826289534568786621e-01
8.246132135391235352e-01
7.131073474884033203e-01
8.367903828620910645e-01
9.982103109359741211e-01
8.809281587600708008e-01
1.017001867294311523e+00
8.557117581367492676e-01
3.844411075115203857e-01
5.782448053359985352e-01
6.811599731445312500e-01
3.176030516624450684e-01
3.033548891544342041e-01
1.122717857360839844e-01
7.510881423950195312e-01
6.998603940010070801e-01
8.284797072410583496e-01
9.042898416519165039e-01
8.536787033081054688e-01
8.491065502166748047e-01
9.863907098770141602e-01
5.020535588264465332e-01
7.323317527770996094e-01
3.884004950523376465e-01
2.777962759137153625e-02
1.079195141792297363e-01
6.673282980918884277e-01
6.961003541946411133e-01
8.227233290672302246e-01
9.143884778022766113e-01
8.443621993064880371e-01
8.528080582618713379e-01
9.857233166694641113e-01
5.090987682342529297e-01
6.322430968284606934e-01
3.790970146656036377e-01
8.242782950401306152e-02
7.783840596675872803e-02
6.909595131874084473e-01
6.631621718406677246e-01
1.079302787780761719e+00
9.781947731971740723e-01
1.053906559944152832e+00
8.093532919883728027e-01
1.002933144569396973e+00
5.907411575317382812e-01
6.940981745719909668e-01
3.519361615180969238e-01
3.841377198696136475e-01
5.925796926021575928e-02
6.477035880088806152e-01
6.995741724967956543e-01
1.037240147590637207e+00
8.623598814010620117e-01
1.084217548370361328e+00
9.900692105293273926e-01
5.156010985374450684e-01
6.657654047012329102e-01
3.357543349266052246e-01
1.133237965404987335e-02
1.015453636646270752e-01
5.564388632774353027e-01
6.436634659767150879e-01
1.086631536483764648e+00
9.725285768508911133e-01
1.055925130844116211e+00
9.502577781677246094e-01
5.689736008644104004e-01
6.320186853408813477e-01
4.620878696441650391e-01
1.423223465681076050e-01
1.471306085586547852e-01
5.246329903602600098e-01
6.250646710395812988e-01
1.087519168853759766e+00
9.303838610649108887e-01
9.179984927177429199e-01
9.127124547958374023e-01
5.790234208106994629e-01
6.445767283439636230e-01
4.655664861202239990e-01
1.477411687374114990e-01
1.715565472841262817e-01
5.774430036544799805e-01
5.942205190658569336e-01
1.088202714920043945e+00
9.375079870223999023e-01
8.829481005668640137e-01
9.173798561096191406e-01
9.972926378250122070e-01
6.553917527198791504e-01
3.237479925155639648e-01
2.972997352480888367e-02
1.367035359144210815e-01
5.569405555725097656e-01
5.922596454620361328e-01
1.077553510665893555e+00
9.885302782058715820e-01
8.968872427940368652e-01
9.449229240417480469e-01
9.978381991386413574e-01
6.677244901657104492e-01
3.284727931022644043e-01
4.268947243690490723e-02
1.651723235845565796e-01
4.906644523143768311e-01
6.708918809890747070e-01
1.083988428115844727e+00
9.950153231620788574e-01
9.171047210693359375e-01
8.994625806808471680e-01
9.724396467208862305e-01
6.533557176589965820e-01
4.783246815204620361e-01
1.824988722801208496e-01
1.539614498615264893e-01
1.370775513350963593e-02
4.904430806636810303e-01
8.028253316879272461e-01
1.018862962722778320e+00
8.531743884086608887e-01
1.063360810279846191e+00
8.777512311935424805e-01
5.480079054832458496e-01
6.858658790588378906e-01
4.207423031330108643e-01
2.778137102723121643e-02
1.379789561033248901e-01
4.896203875541687012e-01
5.309048295021057129e-01
1.031939029693603516e+00
8.723331689834594727e-01
9.993240833282470703e-01
9.265929460525512695e-01
9.751154780387878418e-01
6.435981988906860352e-01
7.912504673004150391e-01
5.063595771789550781e-01
3.263753280043601990e-02
6.415160000324249268e-02
5.094858407974243164e-01
5.963026881217956543e-01
1.031541109085083008e+00
8.659446835517883301e-01
9.899176955223083496e-01
9.326796531677246094e-01
9.665642976760864258e-01
6.578273177146911621e-01
7.560831308364868164e-01
4.269759654998779297e-01
4.244067892432212830e-02
1.147474125027656555e-01
4.824356734752655029e-01
6.700633764266967773e-01
8.101202249526977539e-01
9.777953028678894043e-01
9.668871164321899414e-01
1.039508342742919922e+00
9.663779735565185547e-01
6.204305887222290039e-01
7.480397820472717285e-01
2.954357564449310303e-01
1.288196444511413574e-02
1.314808279275894165e-01
4.335279762744903564e-01
8.160982728004455566e-01
7.948625087738037109e-01
1.019574761390686035e+00
9.833679795265197754e-01
9.960238933563232422e-01
9.520645141601562500e-01
9.681015610694885254e-01
7.060243487358093262e-01
8.406793475151062012e-01
2.320666611194610596e-01
1.089766323566436768e-01
7.970743626356124878e-02
5.900706052780151367e-01
6.405769586563110352e-01
8.163753747940063477e-01
8.632082343101501465e-01
9.792469143867492676e-01
9.340354800224304199e-01
9.556799530982971191e-01
7.125194668769836426e-01
7.950632572174072266e-01
5.758023262023925781e-01
1.364001035690307617e-01
2.573809921741485596e-01
5.173763036727905273e-01
7.257374525070190430e-01
8.152933120727539062e-01
9.052348732948303223e-01
1.024448633193969727e+00
9.120545983314514160e-01
9.507788419723510742e-01
7.219725251197814941e-01
8.398091793060302734e-01
6.063290238380432129e-01
1.528932303190231323e-01
2.536386251449584961e-01
5.459108352661132812e-01
6.691187024116516113e-01
8.220308423042297363e-01
8.657217025756835938e-01
9.733018279075622559e-01
9.494278430938720703e-01
9.477571845054626465e-01
7.658289670944213867e-01
8.628958463668823242e-01
6.231482625007629395e-01
1.550681740045547485e-01
3.337045907974243164e-01
5.897397398948669434e-01
6.957297325134277344e-01
8.253777623176574707e-01
9.016614556312561035e-01
9.731176495552062988e-01
9.371494650840759277e-01
9.477615952491760254e-01
7.301381230354309082e-01
8.323532342910766602e-01
6.178061962127685547e-01
3.703044056892395020e-01
1.737972199916839600e-01
1.274733245372772217e-01
6.726031303405761719e-01
8.145586848258972168e-01
1.047724127769470215e+00
9.541162252426147461e-01
1.026015281677246094e+00
9.573143720626831055e-01
9.481998085975646973e-01
7.983646392822265625e-01
8.461756110191345215e-01
6.222599148750305176e-01
3.225320577621459961e-01
1.908120810985565186e-01
2.442855834960937500e-01
6.136374473571777344e-01
7.611238360404968262e-01
8.251030445098876953e-01
8.787147402763366699e-01
9.918257594108581543e-01
9.869636297225952148e-01
9.530165195465087891e-01
7.448568344116210938e-01
8.600129485130310059e-01
6.301995515823364258e-01
3.995062708854675293e-01
1.276870518922805786e-01
3.945205509662628174e-01
4.289219975471496582e-01
7.321168780326843262e-01
8.262664079666137695e-01
1.022764205932617188e+00
9.889685511589050293e-01
1.033412933349609375e+00
1.012038111686706543e+00
6.607744693756103516e-01
8.510546088218688965e-01
9.508607983589172363e-01
6.696550250053405762e-01
9.179650992155075073e-02
2.793570458889007568e-01
9.706591069698333740e-02
8.189305067062377930e-01
8.229815959930419922e-01
1.048691987991333008e+00
9.391626119613647461e-01
1.016100525856018066e+00
1.001222848892211914e+00
6.688956022262573242e-01
8.545024394989013672e-01
9.852724671363830566e-01
6.739093065261840820e-01
5.049394816160202026e-02
3.126450181007385254e-01
2.440637052059173584e-01
5.592093467712402344e-01
7.628425359725952148e-01
8.190664649009704590e-01
1.039644598960876465e+00
9.982175230979919434e-01
1.045879840850830078e+00
1.027219533920288086e+00
8.039062023162841797e-01
9.799942970275878906e-01
6.864418387413024902e-01
7.571952790021896362e-02
2.406066656112670898e-01
2.407280802726745605e-01
2.539844810962677002e-01
6.488223075866699219e-01
8.162819147109985352e-01
1.050289273262023926e+00
8.801615238189697266e-01
1.002689361572265625e+00
1.012832760810852051e+00
6.516723632812500000e-01
8.876218795776367188e-01
6.345379352569580078e-01
4.581741392612457275e-01
1.083183065056800842e-01
2.861664295196533203e-01
2.080830633640289307e-01
5.124661922454833984e-01
7.307537198066711426e-01
8.017650842666625977e-01
1.024180173873901367e+00
9.695192575454711914e-01
1.036862134933471680e+00
9.693685770034790039e-01
8.967357277870178223e-01
9.028229713439941406e-01
5.065057873725891113e-01
9.877438843250274658e-02
2.864537239074707031e-01
1.457009315490722656e-01
2.530389130115509033e-01
6.659840941429138184e-01
7.836231589317321777e-01
1.018825173377990723e+00
9.159974455833435059e-01
1.013377785682678223e+00
1.048180580139160156e+00
8.184595108032226562e-01
9.799079895019531250e-01
7.281673550605773926e-01
1.025292798876762390e-01
2.450836300849914551e-01
4.608294963836669922e-01
1.370890289545059204e-01
7.581640481948852539e-01
7.200866937637329102e-01
8.202475905418395996e-01
1.014452576637268066e+00
9.525707364082336426e-01
1.024438977241516113e+00
9.765126705169677734e-01
8.102594017982482910e-01
9.877284765243530273e-01
6.340765953063964844e-01
1.608662903308868408e-01
2.785429954528808594e-01
1.126925200223922729e-01
4.178159534931182861e-01
6.658953428268432617e-01
7.205708622932434082e-01
1.024447202682495117e+00
8.994766473770141602e-01
9.804776310920715332e-01
1.013090729713439941e+00
7.052825689315795898e-01
9.202527999877929688e-01
7.576456665992736816e-01
5.939515829086303711e-01
2.551836967468261719e-01
3.916891813278198242e-01
9.552099555730819702e-02
7.082194685935974121e-01
7.446962594985961914e-01
7.241595387458801270e-01
8.667953014373779297e-01
9.048809409141540527e-01
1.011135578155517578e+00
6.348713636398315430e-01
6.961786746978759766e-01
6.778367757797241211e-01
6.155650615692138672e-01
2.460576444864273071e-01
3.282285332679748535e-01
9.178309887647628784e-02
4.817461669445037842e-01
6.597878336906433105e-01
7.882422804832458496e-01
9.976762533187866211e-01
8.897060155868530273e-01
1.007472991943359375e+00
6.490346193313598633e-01
8.414722084999084473e-01
8.701869845390319824e-01
5.844255089759826660e-01
2.298692911863327026e-01
3.331969678401947021e-01
1.750971078872680664e-01
2.393634170293807983e-01
6.495894789695739746e-01
7.265668511390686035e-01
9.918900728225708008e-01
1.003453612327575684e+00
1.030894875526428223e+00
6.410730481147766113e-01
8.491933941841125488e-01
8.557717800140380859e-01
7.091140151023864746e-01
2.309885919094085693e-01
3.281722962856292725e-01
4.967181384563446045e-01
3.376539349555969238e-01
5.997784733772277832e-01
6.885214447975158691e-01
9.848272204399108887e-01
8.891057968139648438e-01
9.970583915710449219e-01
9.914446473121643066e-01
7.599612474441528320e-01
9.519037008285522461e-01
7.750081419944763184e-01
2.578172683715820312e-01
3.648562431335449219e-01
1.679446995258331299e-01
2.301666289567947388e-01
5.206109881401062012e-01
6.405532956123352051e-01
9.699841737747192383e-01
9.929066300392150879e-01
1.012334823608398438e+00
6.921674013137817383e-01
8.736082315444946289e-01
7.611429095268249512e-01
2.366810292005538940e-01
3.583960831165313721e-01
5.315822362899780273e-01
5.645626783370971680e-02
5.591396689414978027e-01
6.323381066322326660e-01
9.714571237564086914e-01
9.976928234100341797e-01
1.021755456924438477e+00
9.999932050704956055e-01
8.260514140129089355e-01
8.297451138496398926e-01
7.244909405708312988e-01
3.343895673751831055e-01
4.863136410713195801e-01
9.266057610511779785e-02
5.851033926010131836e-01
5.959692001342773438e-01
9.632223248481750488e-01
8.502002358436584473e-01
9.849516749382019043e-01
1.011633276939392090e+00
6.862100362777709961e-01
6.602940559387207031e-01
8.485161662101745605e-01
2.998118698596954346e-01
3.973380327224731445e-01
2.633126378059387207e-01
2.286762744188308716e-01
5.573652982711791992e-01
5.928062200546264648e-01
9.232760667800903320e-01
9.992258548736572266e-01
9.836597442626953125e-01
1.008724212646484375e+00
7.449252009391784668e-01
8.759390115737915039e-01
7.432671785354614258e-01
4.144142866134643555e-01
4.891164898872375488e-01
1.775669455528259277e-01
5.457323193550109863e-01
6.066296100616455078e-01
9.405761957168579102e-01
1.002822160720825195e+00
1.003514647483825684e+00
1.005982995033264160e+00
7.070180773735046387e-01
8.886972665786743164e-01
7.661672234535217285e-01
4.269818961620330811e-01
5.668951272964477539e-01
1.935642361640930176e-01
5.281839370727539062e-01
5.731626749038696289e-01
9.299158453941345215e-01
9.889186620712280273e-01
9.530441164970397949e-01
1.007932066917419434e+00
6.839196085929870605e-01
8.918828368186950684e-01
7.559098005294799805e-01
4.400650858879089355e-01
3.112150132656097412e-01
1.133057177066802979e-01
5.296134352684020996e-01
5.127587914466857910e-01
9.159038662910461426e-01
8.032724857330322266e-01
9.564141035079956055e-01
9.848816990852355957e-01
7.365282773971557617e-01
9.044046998023986816e-01
8.171510696411132812e-01
4.581288099288940430e-01
3.458062112331390381e-01
6.547600030899047852e-02
2.969546020030975342e-01
5.066158771514892578e-01
9.209228157997131348e-01
9.003785252571105957e-01
1.012703895568847656e+00
9.680489897727966309e-01
1.004677772521972656e+00
7.555160522460937500e-01
8.236578702926635742e-01
4.768129587173461914e-01
5.296996831893920898e-01
5.660263448953628540e-02
4.061531126499176025e-01
5.067334175109863281e-01
9.044174551963806152e-01
8.868162631988525391e-01
9.882835745811462402e-01
9.446380138397216797e-01
1.001973509788513184e+00
7.386410236358642578e-01
7.548228502273559570e-01
4.493903517723083496e-01
5.144008994102478027e-01
2.623422443866729736e-01
1.322136223316192627e-01
4.764503538608551025e-01
5.087774395942687988e-01
8.563026785850524902e-01
8.371386528015136719e-01
9.473289847373962402e-01
9.899323582649230957e-01
8.065105676651000977e-01
9.183412790298461914e-01
4.118965864181518555e-01
5.043970942497253418e-01
3.710976541042327881e-01
7.853661477565765381e-02
4.792250692844390869e-01
6.114045381546020508e-01
8.597402572631835938e-01
8.356060385704040527e-01
9.460805654525756836e-01
9.884063601493835449e-01
1.010868191719055176e+00
9.383213520050048828e-01
8.741231560707092285e-01
5.275961756706237793e-01
5.975281000137329102e-01
2.585958540439605713e-01
3.392507433891296387e-01
4.638019800186157227e-01
8.773626089096069336e-01
7.520470023155212402e-01
9.716925621032714844e-01
9.947947859764099121e-01
1.015110015869140625e+00
7.991545200347900391e-01
8.236743211746215820e-01
7.353214025497436523e-01
5.606792569160461426e-01
6.244904994964599609e-01
5.430976301431655884e-02
2.945402264595031738e-01
4.474111795425415039e-01
5.426201224327087402e-01
8.170989751815795898e-01
9.632868766784667969e-01
9.892711043357849121e-01
1.016237497329711914e+00
8.189733028411865234e-01
8.848391175270080566e-01
7.073692679405212402e-01
5.528358221054077148e-01
4.294462502002716064e-01
1.050887554883956909e-01
4.041602313518524170e-01
4.743797183036804199e-01
7.107094526290893555e-01
9.833548665046691895e-01
9.821153879165649414e-01
1.016264081001281738e+00
9.616844654083251953e-01
8.920430541038513184e-01
7.166313529014587402e-01
5.816918611526489258e-01
4.427641034126281738e-01
1.058498173952102661e-01
3.780146241188049316e-01
4.689524173736572266e-01
6.369008421897888184e-01
9.628614783287048340e-01
9.855359196662902832e-01
8.624102473258972168e-01
9.533103704452514648e-01
9.054868817329406738e-01
7.280435562133789062e-01
6.045152544975280762e-01
4.044855833053588867e-01
1.799106001853942871e-01
4.371950924396514893e-01
5.049111247062683105e-01
7.914586067199707031e-01
9.465572834014892578e-01
9.887528419494628906e-01
8.650717735290527344e-01
9.408001899719238281e-01
9.193456768989562988e-01
4.819757342338562012e-01
6.261944770812988281e-01
3.848069310188293457e-01
2.878367900848388672e-01
4.256055653095245361e-01
5.096675157546997070e-01
7.853249907493591309e-01
9.875434041023254395e-01
8.865038752555847168e-01
9.006193876266479492e-01
9.299869537353515625e-01
9.293180704116821289e-01
6.113176941871643066e-01
6.484530568122863770e-01
3.729985952377319336e-01
4.209834635257720947e-01
4.262660741806030273e-01
8.794773221015930176e-01
7.290168404579162598e-01
9.935144186019897461e-01
9.120720624923706055e-01
9.253261089324951172e-01
9.557203650474548340e-01
9.306141138076782227e-01
5.787858366966247559e-01
6.724722385406494141e-01
5.886344611644744873e-02
4.019557833671569824e-01
5.847967267036437988e-01
7.128955721855163574e-01
9.496682286262512207e-01
9.989490509033203125e-01
8.932995200157165527e-01
9.816083908081054688e-01
8.545482158660888672e-01
7.651961445808410645e-01
6.333386898040771484e-01
5.025967359542846680e-01
1.258108019828796387e-01
4.169169664382934570e-01
5.314714908599853516e-01
7.590392231941223145e-01
1.012443065643310547e+00
9.334248304367065430e-01
9.128241539001464844e-01
1.012014269828796387e+00
9.649283885955810547e-01
5.628380775451660156e-01
6.964157819747924805e-01
5.404217541217803955e-02
3.856157064437866211e-01
5.438096523284912109e-01
7.462199330329895020e-01
1.010496497154235840e+00
9.279593825340270996e-01
9.555773735046386719e-01
8.967154622077941895e-01
9.715851545333862305e-01
6.318855285644531250e-01
6.979093551635742188e-01
4.389119744300842285e-01
3.869894146919250488e-01
5.545552968978881836e-01
6.768922209739685059e-01
1.003021717071533203e+00
1.003450274467468262e+00
9.339647293090820312e-01
1.021074652671813965e+00
9.747781753540039062e-01
5.822088122367858887e-01
7.520763874053955078e-01
8.311398327350616455e-02
3.997461199760437012e-01
8.418177366256713867e-01
7.236717343330383301e-01
1.008310437202453613e+00
1.023157000541687012e+00
1.019045948982238770e+00
9.607865214347839355e-01
7.890550494194030762e-01
6.789016723632812500e-01
4.909663200378417969e-01
2.975083291530609131e-01
5.582718253135681152e-01
8.668828010559082031e-01
9.630707502365112305e-01
1.005956888198852539e+00
9.569547772407531738e-01
9.320790171623229980e-01
8.177711963653564453e-01
6.885178089141845703e-01
4.975443780422210693e-01
3.637644052505493164e-01
8.206667900085449219e-01
6.625332236289978027e-01
9.879686236381530762e-01
1.013021707534790039e+00
1.025437355041503906e+00
9.687936902046203613e-01
6.440346837043762207e-01
8.120087385177612305e-01
1.406700462102890015e-01
4.018527269363403320e-01
7.631136775016784668e-01
7.017604708671569824e-01
9.992311000823974609e-01
9.999805092811584473e-01
1.027998328208923340e+00
9.787156581878662109e-01
6.193987131118774414e-01
8.168478608131408691e-01
1.490069627761840820e-01
6.077469587326049805e-01
7.285838723182678223e-01
6.949139833450317383e-01
1.004663586616516113e+00
9.957371950149536133e-01
1.021130919456481934e+00
1.020480155944824219e+00
6.856895685195922852e-01
5.792155265808105469e-01
2.752518951892852783e-01
4.990642070770263672e-01
8.762269020080566406e-01
9.555588960647583008e-01
1.017695903778076172e+00
9.802057147026062012e-01
1.034418582916259766e+00
9.838397502899169922e-01
8.076041936874389648e-01
5.481209754943847656e-01
3.829032778739929199e-01
7.100811600685119629e-01
6.451262831687927246e-01
9.929235577583312988e-01
9.969021081924438477e-01
1.034684419631958008e+00
1.029336571693420410e+00
6.500568389892578125e-01
6.463319063186645508e-01
1.865650415420532227e-01
4.595501422882080078e-01
8.368571400642395020e-01
6.819519400596618652e-01
9.905607700347900391e-01
1.003901481628417969e+00
1.034928202629089355e+00
1.032863736152648926e+00
6.630324125289916992e-01
6.502395868301391602e-01
2.796214818954467773e-01
4.320059418678283691e-01
4.842816889286041260e-01
6.658858656883239746e-01
9.816970229148864746e-01
1.019949197769165039e+00
9.907443523406982422e-01
1.037202954292297363e+00
1.000888347625732422e+00
7.717012166976928711e-01
1.122972071170806885e-01
3.764062821865081787e-01
5.746181607246398926e-01
9.284903407096862793e-01
6.935029029846191406e-01
9.823266863822937012e-01
9.938827157020568848e-01
1.039454936981201172e+00
1.028503537178039551e+00
6.795769333839416504e-01
6.846178174018859863e-01
2.297654747962951660e-01
4.846797287464141846e-01
8.119401335716247559e-01
6.319644451141357422e-01
9.784471392631530762e-01
1.004726529121398926e+00
1.002350807189941406e+00
1.040237665176391602e+00
1.004956364631652832e+00
7.301626801490783691e-01
1.187740042805671692e-01
3.962853252887725830e-01
5.416302680969238281e-01
9.608344435691833496e-01
7.419342398643493652e-01
9.699549078941345215e-01
1.025888800621032715e+00
1.021497249603271484e+00
1.031476020812988281e+00
8.309442400932312012e-01
7.780354022979736328e-01
1.804680675268173218e-01
4.110386967658996582e-01
6.109896302223205566e-01
6.367509365081787109e-01
7.638850808143615723e-01
1.016633152961730957e+00
1.011231303215026855e+00
1.006418466567993164e+00
1.021257519721984863e+00
8.976392149925231934e-01
7.620594501495361328e-01
1.229458972811698914e-01
4.162641167640686035e-01
9.477993249893188477e-01
6.320942640304565430e-01
9.661371111869812012e-01
9.850661754608154297e-01
1.022573590278625488e+00
1.038892388343811035e+00
1.021258711814880371e+00
7.235355973243713379e-01
7.452769875526428223e-01
2.861080467700958252e-01
5.368787050247192383e-01
9.539417624473571777e-01
9.557249546051025391e-01
9.979139566421508789e-01
1.029592275619506836e+00
1.036653757095336914e+00
1.015456318855285645e+00
7.184324264526367188e-01
7.523486018180847168e-01
2.517664134502410889e-01
5.781067013740539551e-01
9.368826746940612793e-01
9.539368152618408203e-01
9.864203929901123047e-01
1.028149366378784180e+00
1.014615893363952637e+00
9.526898860931396484e-01
7.292910814285278320e-01
7.720142006874084473e-01
4.496068358421325684e-01
5.796837210655212402e-01
8.057969808578491211e-01
9.631100893020629883e-01
9.717807769775390625e-01
1.024069786071777344e+00
1.014255046844482422e+00
7.497553825378417969e-01
7.771332263946533203e-01
2.689029276371002197e-01
5.133519768714904785e-01
9.151948690414428711e-01
9.379296302795410156e-01
1.017362594604492188e+00
1.013098239898681641e+00
1.025252103805541992e+00
8.835621476173400879e-01
7.908016443252563477e-01
3.065057396888732910e-01
4.906877279281616211e-01
8.287953734397888184e-01
9.352964758872985840e-01
1.017418265342712402e+00
9.918701648712158203e-01
1.026859402656555176e+00
9.018777608871459961e-01
7.956792712211608887e-01
2.898641824722290039e-01
4.984424114227294922e-01
9.015614986419677734e-01
9.280246496200561523e-01
1.013500094413757324e+00
9.872879981994628906e-01
9.848226904869079590e-01
9.130789637565612793e-01
8.107459545135498047e-01
2.899884581565856934e-01
4.850333333015441895e-01
8.844724297523498535e-01
9.179820418357849121e-01
1.015579819679260254e+00
9.900038838386535645e-01
1.005584716796875000e+00
9.566665887832641602e-01
8.053106069564819336e-01
2.986357510089874268e-01
4.700387120246887207e-01
9.178704619407653809e-01
9.220197200775146484e-01
9.857036471366882324e-01
1.011528491973876953e+00
1.012631773948669434e+00
1.007462263107299805e+00
8.788028359413146973e-01
8.302676081657409668e-01
2.383189499378204346e-01
4.951881766319274902e-01
7.323176264762878418e-01
9.988288879394531250e-01
9.757183194160461426e-01
9.886373281478881836e-01
9.901114702224731445e-01
9.833974838256835938e-01
8.139922022819519043e-01
8.422536253929138184e-01
3.003266453742980957e-01
4.613453745841979980e-01
7.529550194740295410e-01
1.001746296882629395e+00
9.723363518714904785e-01
9.652748107910156250e-01
1.056051373481750488e+00
1.013210654258728027e+00
8.269413113594055176e-01
8.478305935859680176e-01
2.853515446186065674e-01
4.453408718109130859e-01
7.524918317794799805e-01
9.085242748260498047e-01
9.632276892662048340e-01
9.632988572120666504e-01
9.780669808387756348e-01
9.712508916854858398e-01
8.497906327247619629e-01
2.200576066970825195e-01
3.793357610702514648e-01
8.349371552467346191e-01
5.356631278991699219e-01
9.879071116447448730e-01
9.865830540657043457e-01
9.794375300407409668e-01
1.008609771728515625e+00
9.135731458663940430e-01
8.625801205635070801e-01
2.906901240348815918e-01
4.863032996654510498e-01
6.801674962043762207e-01
9.303470253944396973e-01
9.706746935844421387e-01
1.035145878791809082e+00
9.642801284790039062e-01
9.555651545524597168e-01
8.980964422225952148e-01
1.707752794027328491e-01
3.120785355567932129e-01
7.749903798103332520e-01
6.581290364265441895e-01
9.546053409576416016e-01
9.488734006881713867e-01
1.042824387550354004e+00
9.847859740257263184e-01
8.909644484519958496e-01
2.039380073547363281e-01
3.355731070041656494e-01
3.988946378231048584e-01
6.362996697425842285e-01
9.094437360763549805e-01
9.599853157997131348e-01
1.030212759971618652e+00
9.789891242980957031e-01
9.030029773712158203e-01
1.437490582466125488e-01
3.589932918548583984e-01
7.718962430953979492e-01
5.018684267997741699e-01
9.595760107040405273e-01
1.019423723220825195e+00
9.713799953460693359e-01
9.706467986106872559e-01
9.285515546798706055e-01
2.385775744915008545e-01
8.064838647842407227e-01
6.157123446464538574e-01
9.475913047790527344e-01
9.458305835723876953e-01
9.539936184883117676e-01
9.988911151885986328e-01
9.382779598236083984e-01
1.528282761573791504e-01
7.915132045745849609e-01
6.202188730239868164e-01
9.056888222694396973e-01
9.548707604408264160e-01
1.012269377708435059e+00
9.905666708946228027e-01
9.478209018707275391e-01
9.050948023796081543e-01
3.465325236320495605e-01
5.447854995727539062e-01
8.829774856567382812e-01
9.649664163589477539e-01
9.817688465118408203e-01
1.008616566658020020e+00
9.447909593582153320e-01
9.378574490547180176e-01
2.525653541088104248e-01
4.650139808654785156e-01
8.155839443206787109e-01
9.448822736740112305e-01
9.960310459136962891e-01
9.685667157173156738e-01
9.849918484687805176e-01
9.624793529510498047e-01
2.882981896400451660e-01
7.204917669296264648e-01
5.875402092933654785e-01
9.301557540893554688e-01
9.427069425582885742e-01
9.319810271263122559e-01
9.835225939750671387e-01
9.689393043518066406e-01
3.013758063316345215e-01
6.413674354553222656e-01
8.230528831481933594e-01
9.449924826622009277e-01
9.436192512512207031e-01
9.295183420181274414e-01
9.764363169670104980e-01
9.742616415023803711e-01
2.117178738117218018e-01
6.152746081352233887e-01
8.484039902687072754e-01
9.431309103965759277e-01
9.324488043785095215e-01
9.677321314811706543e-01
9.956600069999694824e-01
9.796841740608215332e-01
2.357063293457031250e-01
7.002579569816589355e-01
7.919256091117858887e-01
9.729107022285461426e-01
9.452989101409912109e-01
9.689110517501831055e-01
9.717534780502319336e-01
9.762565493583679199e-01
6.662081480026245117e-01
4.708175063133239746e-01
9.646961688995361328e-01
9.413916468620300293e-01
9.548532366752624512e-01
9.649928808212280273e-01
9.834365248680114746e-01
6.665610074996948242e-01
7.390882968902587891e-01
9.626006484031677246e-01
9.599270820617675781e-01
9.548647999763488770e-01
9.644563794136047363e-01
1.785396188497543335e-01
4.720352888107299805e-01
9.576431512832641602e-01
9.362913370132446289e-01
9.332032203674316406e-01
9.558198451995849609e-01
9.905794262886047363e-01
2.007242590188980103e-01
5.674941539764404297e-01
9.547373056411743164e-01
9.308230876922607422e-01
9.788908362388610840e-01
9.741204977035522461e-01
1.668669134378433228e-01
4.425608515739440918e-01
9.331594705581665039e-01
9.284605979919433594e-01
9.507862329483032227e-01
9.503799080848693848e-01
9.655533730983734131e-02
3.928146362304687500e-01
6.839843392372131348e-01
9.306421279907226562e-01
9.167448878288269043e-01
1.005640625953674316e+00
1.003312945365905762e+00
5.837264060974121094e-01
6.433032155036926270e-01
9.328638911247253418e-01
9.114472866058349609e-01
1.006705403327941895e+00
1.003051280975341797e+00
5.779413580894470215e-01
6.279749274253845215e-01
9.142019748687744141e-01
8.965054154396057129e-01
1.010079145431518555e+00
9.654195308685302734e-01
1.552673876285552979e-01
4.501920938491821289e-01
9.467061161994934082e-01
8.902347087860107422e-01
1.004418611526489258e+00
9.455561041831970215e-01
1.001588225364685059e+00
3.598079979419708252e-01
6.670669317245483398e-01
9.388557076454162598e-01
9.536938667297363281e-01
9.969504475593566895e-01
9.525359272956848145e-01
1.519420146942138672e-01
5.059731006622314453e-01
9.368013143539428711e-01
9.071431159973144531e-01
9.835755228996276855e-01
9.568887948989868164e-01
9.837135076522827148e-01
3.339243233203887939e-01
4.627401530742645264e-01
8.845257759094238281e-01
9.080048799514770508e-01
9.781727790832519531e-01
9.509472846984863281e-01
9.803563952445983887e-01
2.110108435153961182e-01
3.621423840522766113e-01
6.210562586784362793e-01
9.172313213348388672e-01
8.540858030319213867e-01
1.004926323890686035e+00
9.477312564849853516e-01
1.241999343037605286e-01
2.678546011447906494e-01
5.112438201904296875e-01
9.120986461639404297e-01
8.433609008789062500e-01
9.705654382705688477e-01
9.529587626457214355e-01
9.789525270462036133e-01
2.396819293498992920e-01
4.866867065429687500e-01
9.221028089523315430e-01
8.556520938873291016e-01
9.428078532218933105e-01
9.987659454345703125e-01
9.685153365135192871e-01
1.928737759590148926e-01
4.095802605152130127e-01
7.374530434608459473e-01
8.229689002037048340e-01
8.505538702011108398e-01
1.002107262611389160e+00
9.666961431503295898e-01
1.824071109294891357e-01
3.632808029651641846e-01
8.236951828002929688e-01
8.211279511451721191e-01
9.555887579917907715e-01
9.742072224617004395e-01
9.626495838165283203e-01
2.373014688491821289e-01
4.668010771274566650e-01
8.680462241172790527e-01
8.995725512504577637e-01
9.945576190948486328e-01
9.593676328659057617e-01
1.633748561143875122e-01
3.889340758323669434e-01
8.650236129760742188e-01
7.945919632911682129e-01
9.473699331283569336e-01
9.693073034286499023e-01
1.002651751041412354e-01
4.935670197010040283e-01
7.154875397682189941e-01
7.973480820655822754e-01
8.183354139328002930e-01
9.895820617675781250e-01
9.544770121574401855e-01
2.374302744865417480e-01
6.060372591018676758e-01
8.303703069686889648e-01
8.383461833000183105e-01
9.904780387878417969e-01
9.569092392921447754e-01
2.194186449050903320e-01
4.228822290897369385e-01
8.453763127326965332e-01
8.526553511619567871e-01
9.882361888885498047e-01
9.574699997901916504e-01
1.894967257976531982e-01
4.213978648185729980e-01
8.146563768386840820e-01
8.738375306129455566e-01
9.799615144729614258e-01
9.555820822715759277e-01
1.941740810871124268e-01
6.052417159080505371e-01
7.942838668823242188e-01
8.593153953552246094e-01
9.728776812553405762e-01
9.537062048912048340e-01
1.978156864643096924e-01
5.858919620513916016e-01
7.848192453384399414e-01
8.312593698501586914e-01
9.515437483787536621e-01
9.393140673637390137e-01
4.468232095241546631e-01
6.926158666610717773e-01
7.455517053604125977e-01
7.481125593185424805e-01
9.642117023468017578e-01
1.110427156090736389e-01
3.346112966537475586e-01
7.968639135360717773e-01
8.476579785346984863e-01
9.212937951087951660e-01
9.580427408218383789e-01
4.575616717338562012e-01
4.946496188640594482e-01
7.654514908790588379e-01
7.631365060806274414e-01
9.271907806396484375e-01
9.439740180969238281e-01
2.527564465999603271e-01
7.841088175773620605e-01
8.036338686943054199e-01
8.372780084609985352e-01
9.581251144409179688e-01
1.548379957675933838e-01
4.837148785591125488e-01
7.184520363807678223e-01
7.638421058654785156e-01
9.365994334220886230e-01
9.539220929145812988e-01
2.530117630958557129e-01
7.781718969345092773e-01
8.087624311447143555e-01
8.594296574592590332e-01
9.557775259017944336e-01
1.746749877929687500e-01
7.561218142509460449e-01
7.078375816345214844e-01
8.529182672500610352e-01
9.577032327651977539e-01
1.573025584220886230e-01
7.783893346786499023e-01
7.082757353782653809e-01
8.798677325248718262e-01
9.674220681190490723e-01
3.065027296543121338e-01
7.602351307868957520e-01
7.225408554077148438e-01
9.493505954742431641e-01
1.263939440250396729e-01
6.273770332336425781e-01
7.256579995155334473e-01
9.121895432472229004e-01
9.800062775611877441e-01
3.010070621967315674e-01
7.361834645271301270e-01
7.172977924346923828e-01
9.585979580879211426e-01
1.634689420461654663e-01
7.495883703231811523e-01
7.123591303825378418e-01
9.515486955642700195e-01
2.541865706443786621e-01
7.395111918449401855e-01
7.022838592529296875e-01
9.464433193206787109e-01
1.588580310344696045e-01
7.160934209823608398e-01
6.827207207679748535e-01
9.382922649383544922e-01
2.724430561065673828e-01
6.806278824806213379e-01
8.251086473464965820e-01
9.428641200065612793e-01
5.945506691932678223e-01
6.390966176986694336e-01
8.755464553833007812e-01
7.706477493047714233e-02
4.466989636421203613e-01
6.122123003005981445e-01
8.312627673149108887e-01
7.779793441295623779e-02
2.732084393501281738e-01
5.892403125762939453e-01
7.741316556930541992e-01
8.924191594123840332e-01
4.170560240745544434e-01
5.743699669837951660e-01
7.573717832565307617e-01
8.714439272880554199e-01
4.234086573123931885e-01
5.127758979797363281e-01
6.741924285888671875e-01
7.415152788162231445e-01
1.004661619663238525e-01
5.414072275161743164e-01
5.876240134239196777e-01
6.992002725601196289e-01
8.444043397903442383e-01
3.348934054374694824e-01
5.853632092475891113e-01
7.498720884323120117e-01
1.001061946153640747e-01
5.217992067337036133e-01
6.491245031356811523e-01
8.331553339958190918e-01
2.756083309650421143e-01
6.416705846786499023e-01
7.873090505599975586e-01
2.319221198558807373e-01
6.407728195190429688e-01
7.828224897384643555e-01
4.927782118320465088e-01
6.440710425376892090e-01
7.838076949119567871e-01
5.481061935424804688e-01
6.925399303436279297e-01
7.765868902206420898e-01
5.954305529594421387e-01
6.930537819862365723e-01
1.727654039859771729e-01
6.752429604530334473e-01
6.582708954811096191e-01
5.366439223289489746e-01
6.877814531326293945e-01
1.606582701206207275e-01
6.265587210655212402e-01
6.786968111991882324e-01
3.842449486255645752e-01
6.421898603439331055e-01
1.262470185756683350e-01
4.703517556190490723e-01
6.501258611679077148e-01
3.370322585105895996e-01
5.662800073623657227e-01
5.619899630546569824e-01
2.540875077247619629e-01
5.284277200698852539e-01
1.419514715671539307e-01
3.725124895572662354e-01
5.700035095214843750e-01
2.563395500183105469e-01
4.451761245727539062e-01
1.210345253348350525e-01
3.726207315921783447e-01
8.806335926055908203e-02
3.090481162071228027e-01
5.361832380294799805e-01
2.694376111030578613e-01
4.755448997020721436e-01
2.891907095909118652e-01
4.700652360916137695e-01
2.626070678234100342e-01
5.320825427770614624e-02
3.186874687671661377e-01
1.278541833162307739e-01
3.620400130748748779e-01
2.768302559852600098e-01
8.817759156227111816e-02
3.542201220989227295e-01
2.865833640098571777e-01
2.321563363075256348e-01
1.241726428270339966e-01
5.825543403625488281e-02
2.527359127998352051e-02
3.115662001073360443e-02
6.357998400926589966e-02
1.374922841787338257e-01
1.995211541652679443e-01
1.109700202941894531e-01
1.307897567749023438e-01
1.307031363248825073e-01
8.925837874412536621e-01
5.859591960906982422e-01
5.808495283126831055e-01
1.001180648803710938e+00
3.465899527072906494e-01
1.689752489328384399e-01
9.493785500526428223e-01
9.527310132980346680e-01
7.965147495269775391e-01
7.239724993705749512e-01
7.245135307312011719e-01
1.020329117774963379e+00
1.751962602138519287e-01
3.036036193370819092e-01
7.317596673965454102e-01
6.850475072860717773e-01
8.050608634948730469e-01
4.501518011093139648e-01
4.032812714576721191e-01
1.036573767662048340e+00
9.517142772674560547e-01
8.819547891616821289e-01
6.201711893081665039e-01
6.280195713043212891e-01
4.162675738334655762e-01
9.255832433700561523e-01
9.696245789527893066e-01
4.069063663482666016e-01
9.347925186157226562e-01
9.494986534118652344e-01
7.918438315391540527e-01
8.091593384742736816e-01
7.948619127273559570e-01
1.030203178524971008e-01
2.741039991378784180e-01
9.337827563285827637e-01
9.483442902565002441e-01
9.466348886489868164e-01
6.727901697158813477e-01
6.693252921104431152e-01
3.307730555534362793e-01
8.851094841957092285e-01
8.665030598640441895e-01
6.624998450279235840e-01
2.312824130058288574e-01
2.895456850528717041e-01
9.106889963150024414e-01
8.246873021125793457e-01
8.117120862007141113e-01
8.719188570976257324e-01
8.934286236763000488e-01
7.444638013839721680e-01
1.235694140195846558e-01
6.741122156381607056e-02
8.551650047302246094e-01
9.098592400550842285e-01
6.851558685302734375e-01
1.064689874649047852e+00
1.068294405937194824e+00
3.782651424407958984e-01
1.007433176040649414e+00
1.008930206298828125e+00
7.067789435386657715e-01
6.889423131942749023e-01
6.485741734504699707e-01
4.570088386535644531e-01
4.205339550971984863e-01
8.466159105300903320e-01
9.587894678115844727e-01
9.810277223587036133e-01
6.187572479248046875e-01
6.027128696441650391e-01
6.723386049270629883e-01
2.514733970165252686e-01
1.197369396686553955e-01
1.009819030761718750e+00
4.089784622192382812e-01
5.699084401130676270e-01
2.417309135198593140e-01
2.657213807106018066e-01
8.095436692237854004e-01
1.048222303390502930e+00
1.054389476776123047e+00
9.782620668411254883e-01
8.283143639564514160e-01
7.255988121032714844e-01
9.519743919372558594e-01
1.005267262458801270e+00
6.124364137649536133e-01
8.546645641326904297e-01
9.862498641014099121e-01
2.566137611865997314e-01
7.849503755569458008e-01
7.133881449699401855e-01
9.839279651641845703e-01
9.763310551643371582e-01
8.520295023918151855e-01
8.535802960395812988e-01
8.403906226158142090e-01
5.509425401687622070e-01
6.069379448890686035e-01
5.388799905776977539e-01
5.801122188568115234e-01
9.889183044433593750e-01
9.864236712455749512e-01
9.808522462844848633e-01
9.758971929550170898e-01
2.822498977184295654e-01
2.720412611961364746e-01
2.860920429229736328e-01
2.205545753240585327e-01
9.408094882965087891e-01
9.497695565223693848e-01
9.492248892784118652e-01
9.508980512619018555e-01
8.065105080604553223e-01
7.943702340126037598e-01
7.303822040557861328e-01
7.278221249580383301e-01
6.837679743766784668e-01
7.389216423034667969e-01
6.991631984710693359e-01
7.368479967117309570e-01
1.022495746612548828e+00
1.024430274963378906e+00
1.024105072021484375e+00
2.070087194442749023e-01
1.863679885864257812e-01
2.802582085132598877e-01
2.605551481246948242e-01
7.647998929023742676e-01
7.378231287002563477e-01
7.361877560615539551e-01
7.120110392570495605e-01
7.524995803833007812e-01
7.707734107971191406e-01
8.026505708694458008e-01
7.973065972328186035e-01
4.261394143104553223e-01
3.964984118938446045e-01
4.085882008075714111e-01
3.961547315120697021e-01
1.034498929977416992e+00
1.037823557853698730e+00
1.043674230575561523e+00
1.041358470916748047e+00
9.283726215362548828e-01
9.374929070472717285e-01
9.258474111557006836e-01
6.562228798866271973e-01
6.369238495826721191e-01
6.417375206947326660e-01
6.346741318702697754e-01
2.964940071105957031e-01
3.179159164428710938e-01
4.004732072353363037e-01
4.082494378089904785e-01
9.468548893928527832e-01
9.601204395294189453e-01
9.541376233100891113e-01
9.583245515823364258e-01
4.105000495910644531e-01
4.041224122047424316e-01
3.570092320442199707e-01
3.012734055519104004e-01
9.557625651359558105e-01
9.393121600151062012e-01
9.896576404571533203e-01
9.675241112709045410e-01
8.295016288757324219e-01
7.929091453552246094e-01
7.974718213081359863e-01
8.112455010414123535e-01
7.974537014961242676e-01
7.903704643249511719e-01
7.985818982124328613e-01
1.601582467555999756e-01
1.250322610139846802e-01
2.647671103477478027e-01
2.169355154037475586e-01
9.447684884071350098e-01
9.494924545288085938e-01
9.462471008300781250e-01
9.511767625808715820e-01
9.605044722557067871e-01
9.410990476608276367e-01
9.135079383850097656e-01
9.190434813499450684e-01
6.607319712638854980e-01
6.481603384017944336e-01
6.387109756469726562e-01
6.249058246612548828e-01
2.086495459079742432e-01
2.088656276464462280e-01
2.866668701171875000e-01
2.471677064895629883e-01
8.701837658882141113e-01
8.704477548599243164e-01
8.615092039108276367e-01
8.559944629669189453e-01
7.263538837432861328e-01
6.818471550941467285e-01
6.954895853996276855e-01
2.937861680984497070e-01
2.304418385028839111e-01
4.167120456695556641e-01
4.062144756317138672e-01
9.355984926223754883e-01
9.143564701080322266e-01
8.967655897140502930e-01
8.745251297950744629e-01
8.180346488952636719e-01
8.191418647766113281e-01
8.156577944755554199e-01
8.210467100143432617e-01
8.756933212280273438e-01
8.761957883834838867e-01
8.889119625091552734e-01
8.931248784065246582e-01
8.011822700500488281e-01
8.196842670440673828e-01
8.169405460357666016e-01
8.140521645545959473e-01
1.252839416265487671e-01
1.351083666086196899e-01
7.150008529424667358e-02
8.602386116981506348e-01
8.792754411697387695e-01
8.788821101188659668e-01
8.911118507385253906e-01
6.195790767669677734e-01
6.106668710708618164e-01
6.545490026473999023e-01
6.489801406860351562e-01
1.081325054168701172e+00
1.067755341529846191e+00
1.058882474899291992e+00
1.060248494148254395e+00
2.775181531906127930e-01
3.633661270141601562e-01
3.168423175811767578e-01
3.631900548934936523e-01
1.023187279701232910e+00
1.018756389617919922e+00
1.025577664375305176e+00
1.031706094741821289e+00
8.052180409431457520e-01
7.180171608924865723e-01
6.464794278144836426e-01
6.748320460319519043e-01
6.393803358078002930e-01
7.038725614547729492e-01
7.237322926521301270e-01
4.393888413906097412e-01
4.353184998035430908e-01
4.222429394721984863e-01
4.550348520278930664e-01
8.566481471061706543e-01
8.366320133209228516e-01
8.017546534538269043e-01
8.139128684997558594e-01
9.887793064117431641e-01
1.005356788635253906e+00
9.751425981521606445e-01
9.860039353370666504e-01
6.271656751632690430e-01
7.178072929382324219e-01
6.689916849136352539e-01
6.648474335670471191e-01
6.105699539184570312e-01
6.213851571083068848e-01
7.035090923309326172e-01
7.405024766921997070e-01
1.946325302124023438e-01
1.883896291255950928e-01
1.793214082717895508e-01
1.449550241231918335e-01
9.966570138931274414e-01
9.969444870948791504e-01
9.960113167762756348e-01
4.367564618587493896e-01
4.409463107585906982e-01
5.255472064018249512e-01
5.220393538475036621e-01
2.782797515392303467e-01
2.665664851665496826e-01
2.701125144958496094e-01
2.342301905155181885e-01
8.093914985656738281e-01
7.908745408058166504e-01
8.680540323257446289e-01
8.862190842628479004e-01
1.040801405906677246e+00
1.050201892852783203e+00
1.053680658340454102e+00
1.056521892547607422e+00
9.975637793540954590e-01
9.842672348022460938e-01
9.857683777809143066e-01
9.808910489082336426e-01
8.512031435966491699e-01
8.660862445831298828e-01
7.369855642318725586e-01
9.552400708198547363e-01
9.588204026222229004e-01
9.888369441032409668e-01
9.966492056846618652e-01
6.010405421257019043e-01
6.038373112678527832e-01
6.711519956588745117e-01
7.005188465118408203e-01
8.732445836067199707e-01
9.370933771133422852e-01
9.267727136611938477e-01
9.449716806411743164e-01
3.671420216560363770e-01
3.116475343704223633e-01
2.736549973487854004e-01
2.492143362760543823e-01
7.904589176177978516e-01
7.669909000396728516e-01
7.706333398818969727e-01
7.493585944175720215e-01
1.004825711250305176e+00
9.902054667472839355e-01
9.749920964241027832e-01
9.807636141777038574e-01
