4.472808434922510845e-02
5.788591875428009126e-02
4.934901846192744912e-02
-9.182218354146437500e-02
-2.336477615886964898e-01
1.005038542135870544e-01
1.109363168090533175e-01
2.829063714227473270e-01
-1.990235711429995669e-01
-1.564128403163086434e-01
1.164536925375816989e-01
-8.949610906638567898e-02
1.549655915063330447e-01
6.960220383870818761e-02
-5.427018736039229685e-02
-7.146712143411061702e-02
-7.066213006138689912e-02
8.709182864817924252e-02
-6.327633434409107860e-02
7.968788121680049630e-02
-5.752363563102942667e-03
7.793812482165839162e-02
1.390295513065048227e-01
1.342521376200098149e-01
-1.162875569564463252e-01
-4.678190093761916413e-02
-2.494415263913835057e-03
-1.535249632447144297e-02
-2.200179124509363260e-02
4.592869061572919798e-02
1.770887646379212810e-03
1.104309664711751737e-01
2.672990216680372066e-01
2.205545053346153195e-01
9.288494243278098972e-02
1.132287607996545625e-01
2.096736467746953825e-01
1.324827562577156059e-01
4.065267194526269168e-01
-2.332790772991344408e-02
-2.838377736755337555e-02
1.448634211266449645e-01
9.909462925244671982e-02
4.897908975096704198e-02
1.534577097456316097e-02
-9.874480129974660958e-04
2.465849198094015315e-01
-1.006336669467558786e-01
-4.162540893692454058e-02
1.489864536648047022e-01
-3.494917398048535961e-02
6.105101030469713141e-02
2.426421242022147595e-02
5.745040112580674513e-02
-3.457865950028995994e-02
-2.296089214264240841e-02
5.364583867921344368e-02
6.820793730903690344e-02
2.779516325501922569e-02
3.649536998485729267e-02
2.085524220306167464e-03
-1.621069701408739405e-02
-2.847980442123644873e-01
-4.018925032215914239e-02
-6.332419314853020287e-02
-6.331752910100640896e-02
-5.328435072291228675e-02
-3.377054328345488465e-02
3.536311530485058974e-02
2.926363162205058988e-01
2.679278209073994443e-02
3.333721168648731692e-02
1.416294102907056374e-01
8.121330334628534819e-02
1.249835726713331985e-01
-1.025186723249644216e-01
2.953310605416315515e-01
-1.609599019866176928e-01
9.981042192991143591e-02
-1.691731368047771633e-01
4.022264841845799715e-02
-1.624177714052140731e-01
4.088033032559734714e-02
1.231735787227122569e-01
2.050660159436159397e-02
-3.413076448560142806e-02
1.041577278360038272e-01
1.770481441531987221e-01
-3.168479819515272744e-02
-4.538000065837739100e-02
-3.427135396358466091e-02
-7.767454374150950525e-02
-7.834150528364235144e-02
2.623504871097404045e-02
-8.647484156646756404e-02
-2.295132971720988124e-02
-2.471252824175367013e-02
-2.812498336718666225e-02
-3.555991891692819595e-02
-4.551642968942459788e-02
9.519115917797402182e-02
1.116502158374277909e-01
7.778187285235935167e-02
1.078581980320812428e-01
5.424538386545481317e-02
7.678729255391719688e-02
-4.125346477862941452e-02
-2.932141601521999486e-02
-8.563373822548582537e-02
4.963452428678430395e-02
1.638498634643298923e-01
4.041314406573137674e-02
5.305188211218675454e-02
5.373831687489128567e-02
1.070652208202338973e-01
-5.820621242217090263e-02
1.571438092579008905e-01
-4.572310438236346086e-02
-3.764561795885343343e-02
5.850720524868527339e-02
8.223889895761482549e-02
-5.081619704015518518e-02
9.814506913807979904e-02
4.303080607282266934e-02
2.271566953108990206e-02
-1.677376206096073408e-02
-7.212046285649535877e-03
1.460267361727291902e-03
2.692673243310562611e-02
6.822720941479695766e-02
1.232732217521011198e-01
-1.429160317533184621e-02
2.566477739838574079e-02
2.406852661890953454e-02
7.025394625065256582e-02
-1.734082951718485775e-03
-2.488456853965418866e-02
6.668413335306630496e-02
6.784868584688086290e-02
1.425398802136458309e-01
-4.766505365604539746e-02
8.569810359746743433e-02
-6.750278350150379358e-03
-9.067604291995365329e-03
1.587578372594899423e-01
8.527774710615707021e-02
-1.577045037778208869e-02
1.675884291402000847e-01
1.092203570368129595e-01
-3.284426238752101435e-02
1.233189205238201525e-01
-1.601583525467058788e-01
1.045860244760799251e-01
7.286053576830484046e-02
-2.594942961897837019e-01
9.508675008832497000e-02
1.627864354272062775e-02
1.035634638525040341e-01
-8.584930271519986000e-02
-3.836536643228694032e-02
-7.319271933002469144e-03
-8.813748273082915030e-02
1.662282587657119559e-01
-5.171966982577824723e-02
3.484693572881725210e-03
8.909336394248623670e-02
9.075726892085071718e-02
8.575600652917628186e-02
9.674149788741845390e-02
2.103775270295399347e-02
9.012056082757541331e-03
1.187617228015436788e-01
-1.922778651635582148e-01
9.404671562992518788e-03
5.684636395611677995e-02
1.979884846659756836e-01
-1.409160017615334048e-01
-1.149555436272380049e-01
2.773736359324337902e-02
9.007005350253671772e-03
7.443137469618052449e-02
5.294182029985618210e-02
5.882063839703972202e-02
-1.482413772040301336e-01
-2.469872681743923992e-01
-1.102352446451038137e-01
-3.539756190304502725e-01
1.756156086584079179e-02
1.547183895510173546e-03
1.329461779824468448e-01
4.834440283345872724e-02
-1.429546288048704206e-01
-2.217215480069690409e-02
-2.662883073482869012e-02
-6.829298356571991691e-02
-1.161067505611250300e-01
1.345320156212086171e-01
-9.654388858740355073e-02
-3.981462369768432041e-02
3.050928271333132324e-02
2.841566734633638874e-02
-4.739496562776265853e-03
-1.601795438322871357e-02
-1.051193534191113138e-01
-1.045217605596033966e-01
-2.884331869563719342e-02
9.801079954246330606e-02
-1.062845274335715989e-01
-1.162637432962059791e-01
-1.048686933962231643e-01
1.057139517856257038e-01
1.044555176745062819e-01
6.773231362252428445e-02
-3.096303168606349965e-02
-4.131108900041138843e-02
-5.493215836003823016e-02
-8.049806339247064790e-02
4.318193717150813071e-02
-6.314259315246875670e-02
1.119398675382705100e-01
-6.130271578751507466e-02
-9.738130003242437271e-02
3.558137015273335479e-02
-2.383863062618859358e-02
-3.334782456139637197e-02
-1.769771280440807226e-02
-1.311144160971071670e-01
-8.422599842569802875e-02
9.947666779604774634e-02
8.952925868564601264e-02
-5.541060587998772324e-02
8.760410745154773027e-02
-7.158445760312098782e-02
-3.072524978330731793e-02
-6.169192156474298527e-02
-3.624178134305952592e-02
-9.605345572558876555e-03
2.804717530374065126e-02
-5.302235272787594877e-02
-5.607892791874707905e-02
1.280571111890742020e-01
8.668983829960051624e-02
-1.631166807950662490e-02
2.731223822846015614e-02
6.844944633037071922e-03
5.291912497328635917e-03
3.024885552837199357e-02
-3.048301644697605506e-02
-8.088379399882983378e-02
1.343721818016846252e-02
-6.219117550326228039e-02
-4.343137205790917332e-02
3.918002372323980964e-04
-3.822411595024002851e-02
5.407575084522089903e-02
-3.518956497463601729e-02
-1.423945323420553188e-01
4.565928870094861786e-02
4.609173518496101352e-04
2.646721744627383854e-02
-1.120150321390128573e-01
-1.164681337422665691e-01
-1.262320498077978137e-01
-1.391475664339285601e-01
5.448981020688836718e-02
-3.588269941927430678e-02
1.479380276042177589e-03
-1.372119356137435076e-01
6.580685840490568816e-03
-1.998183248892030917e-01
-1.119187430658049182e-01
-8.216458539444786158e-02
5.427738050442836026e-02
-1.273835213381933895e-01
-1.266154626012017115e-02
-5.036363158924483940e-02
1.052754738900180675e-01
1.519802735259391802e-01
1.330723530377260766e-01
-1.100809291808854673e-02
-9.329340443602142374e-02
-8.819982954332486469e-02
5.474220400666367919e-02
5.777825804043231622e-02
5.452704440590319668e-02
9.917559152471028261e-03
-2.979310412810848296e-02
5.155280398790391266e-02
7.196044673511113599e-03
7.295096662164722578e-02
7.325145191109409815e-02
-1.567354411574168049e-01
8.924123723781184070e-02
9.211790896562553621e-02
-2.630881492120937803e-01
9.680499872548305185e-02
-1.070967725446566599e-01
1.022076756197637798e-01
-7.248563053536655199e-02
1.043605437581020395e-01
-2.225411188281295471e-01
1.045991424423143440e-01
1.186119073309402916e-01
1.081366406084249276e-01
1.078408085382260850e-01
-8.992639910588234864e-02
1.331177075470353355e-01
1.964119770784647501e-01
8.472940649801773139e-02
1.333835125517557618e-01
2.065249947950185960e-01
2.265917230082735156e-01
1.132906593633384723e-01
1.657495711107321856e-01
-2.279298512601334870e-01
1.403725796063340081e-01
2.675937522147511238e-01
1.324432596581089638e-01
2.496044605237208447e-01
-2.152262029976521052e-01
1.289241333437941561e-01
2.619429036068726679e-01
-2.263000506764299979e-01
9.906091807690520223e-02
-2.386962962886351458e-01
1.675575725362607737e-01
1.098912032365543662e-01
-1.580215824706534267e-01
1.041590207626375830e-01
-1.471816595801017646e-01
4.642714870628258245e-02
9.935579992674964389e-02
1.080496282941128816e-01
-1.705568148117052318e-02
1.671723315163582690e-01
8.020833549065217727e-02
2.181265797142493967e-01
1.095432504972086440e-01
8.176829352633080417e-02
-2.056064159685855319e-02
4.188345585424245732e-01
6.818941121815438877e-02
1.083069511303562799e-01
2.375198038029629199e-01
1.498096584726171521e-01
7.234268440544111556e-02
9.553191364869682844e-02
1.775289322521435009e-01
4.440862921307456856e-01
5.002636100540687469e-02
3.273028949887536732e-02
-8.266026553211464067e-02
1.516957210995081018e-01
7.664361089200935617e-02
8.540871305882390130e-02
1.517008308325226706e-01
1.737465514173194836e-01
4.173195886180600112e-01
1.308313587677623069e-02
8.639146263893135447e-02
9.605469351305483128e-02
1.069195670810478421e-01
6.873514889547079065e-02
-3.041160484802249431e-02
-3.919942692331186695e-02
8.966899245706974608e-02
3.266473780791526726e-01
-2.337999621672109951e-02
3.189761229224332140e-01
1.419688592668330307e-01
3.951044103424115050e-01
-2.200240530680436235e-03
8.627980419168852777e-02
-4.181796526917944123e-02
6.465265529504966857e-02
3.519508310196896306e-02
8.095475894036022191e-02
2.252409233587732151e-01
5.979921141342575686e-02
3.364552627455077993e-01
-3.676351590553089688e-02
2.962029881476818671e-01
-8.573596476265592237e-02
3.804592158176554884e-02
-1.299815414229760213e-02
8.499905944601199304e-02
2.468887811163323343e-01
1.871440515458795695e-02
1.450320529792452906e-01
-8.569924621331292958e-02
-8.879381247851178549e-02
2.069675568490590700e-01
9.713257279557560575e-03
1.585838894564423063e-02
-1.847075564424732752e-03
7.980297338831204845e-02
2.363845349505366567e-01
-9.414909505148061353e-03
2.225783877139804467e-02
2.575831172590472562e-01
-1.540308269397627772e-01
2.379508652613100406e-01
1.677962359076458632e-01
-8.265415392175706755e-03
-3.145596798032196384e-04
-4.188551025094869318e-02
8.052296149393405045e-02
2.048575075723800820e-01
2.089185093365597545e-01
6.883146059514436144e-02
-1.263300126299529702e-02
-1.929371221803029002e-01
8.771049761845053916e-02
1.858390536419415318e-01
4.269279346499053190e-02
4.904823106634489949e-02
6.449558413096576071e-02
-2.170246715131415316e-01
1.300293673309620146e-02
1.485074384460211006e-01
2.260685106165270797e-01
9.075055236693586880e-03
1.556783105662513655e-01
-1.643965343341465823e-01
4.878877588540679600e-02
1.472191971065777427e-01
2.224372392602087523e-01
8.200662299316263670e-03
2.029645594653327334e-02
-2.570880860184317496e-01
3.859254812986667726e-02
1.203573565321710975e-01
1.292949200343341265e-01
1.072042466380687675e-02
-9.511361887521771474e-02
1.115478833567388750e-01
-2.039590343521391347e-01
1.751414619003652251e-01
5.821998482662244651e-02
-1.055766830552237745e-01
-1.152591913024783865e-01
1.178527125955226018e-01
8.926893842429928227e-02
1.716667601688902645e-01
1.952550161667917367e-02
-3.120167723608641142e-02
-2.852926737364697152e-01
1.325728564389910269e-01
1.551992199703180197e-01
7.028792018761684246e-02
-1.522652778925880079e-02
-2.412292408784784126e-01
1.483485720962250676e-01
-3.035660099710774107e-02
1.887452566310597879e-01
8.799340362533510096e-02
-1.590921429471999771e-01
-2.870074971512616147e-01
1.733977983095718045e-01
3.972891076199131649e-02
1.774173893522821288e-01
7.894810444522064319e-02
-1.400668884199783581e-02
1.611400695846978981e-02
-3.093884707770380160e-01
1.911387446933727197e-01
8.494888176269269064e-03
1.096185815340534886e-01
3.229807041052572270e-03
-1.498778152293153698e-02
-2.799111686759055972e-01
1.874527107840869566e-01
1.618035510521673159e-01
1.452684705632182882e-01
-1.462322562313170260e-02
-2.270552205379655630e-01
-3.657670064533616316e-01
1.875763403022597808e-01
2.201468694284293981e-01
1.061826678321016598e-01
8.784927403003704727e-02
-4.028877319685872371e-02
-5.581724565653176096e-02
-3.156722835537573713e-01
2.082826258787769946e-01
1.226626565650828643e-01
9.965021987435164486e-02
-2.815324328140617061e-02
-3.243876465669796594e-01
-9.506088008655128041e-03
1.987684428636435074e-01
2.172756662521221072e-01
1.194294130322945680e-01
1.713096979693293220e-02
9.298820933603027528e-02
-1.154364980734141066e-01
-2.706823444635874099e-01
-4.153382603408505291e-01
2.164726243858332566e-01
1.980120873522450697e-01
-2.363912055734676554e-02
7.458511173456380816e-02
-4.587057470571549722e-02
-4.130696987412744159e-01
-4.208310358215802682e-02
-6.243875162033610260e-02
2.123176666999665452e-01
1.587143079139250734e-01
-2.759034360757858795e-02
8.021051650983078429e-02
-3.786972419358843045e-02
-4.071685043653062719e-01
-2.770875486524426723e-02
2.321529254149317101e-01
1.817860251412157790e-01
1.035273168366905305e-01
-1.775767493377655715e-02
9.705889229476703794e-02
-4.970210390705567804e-02
-3.788952426614644597e-01
-1.327297746167677150e-02
1.896317270513701025e-01
2.021211634290693282e-01
8.930703524224875567e-02
-8.590887751062231681e-03
9.513397757066638372e-02
-4.789247435351165483e-02
-3.410079206387623407e-01
-3.111010159828314636e-03
1.983878050999927090e-01
1.527041625394726099e-01
1.258477545653605145e-01
-5.420563020660759679e-02
4.604845396191332985e-02
-4.867107963162922712e-02
2.478630379366409953e-01
-9.167541286214755947e-02
-2.135210704620047473e-01
1.889639862286952576e-01
9.414884282498485468e-02
-5.911876850511674220e-02
-1.427124499743881447e-02
6.856597606889063001e-02
-3.572147897021760166e-03
-1.609873666118918356e-01
-5.214514905047351601e-02
2.171826632385296107e-01
1.251113865774674816e-01
7.799980104413005433e-02
8.050259830935835303e-02
-4.247439933328425732e-02
8.630073668791410357e-02
-3.845899505059401091e-02
2.478016743447898351e-01
-3.425666765978430117e-02
-6.848013039785624811e-02
1.804858344291435379e-01
7.497411394350383951e-02
1.950789329751747292e-01
-2.139772044536006335e-02
5.175881322866118794e-02
-4.033693481289815641e-02
-1.678522454315301005e-01
-7.940231001676759104e-02
2.004960134599400035e-01
8.098900644661158332e-02
2.171355647768798136e-02
1.405314375278826633e-03
-1.505942966847587106e-02
7.655098503746417260e-02
-3.730152360378993781e-02
-1.701591728036691009e-01
-2.062499682815141511e-02
2.616331161029281094e-02
3.395414840729631123e-02
2.618787414324980078e-01
-4.098254103510221014e-02
3.103451365290584019e-02
8.450915105968842544e-02
1.445924317246190804e-01
8.330947246269598816e-02
-6.911839021237856096e-02
6.858642755302937766e-02
1.702536096475052163e-01
-4.069871185029874661e-02
4.643844925352157149e-02
5.271816679709512288e-02
2.671680671180381994e-01
7.393961029200410429e-02
-5.323996822473753276e-03
-2.588790452484346361e-02
2.715040620416192541e-01
8.005207439170160255e-02
1.159972208087221152e-01
-2.006443579369061869e-02
-4.259035391428087070e-02
-8.942750082262299061e-02
7.092240817422018617e-03
-5.860478766390608829e-02
7.456732117248898728e-03
-1.634541948893925012e-02
3.852387289617144328e-02
-1.877321923935701964e-01
-1.073721520951653741e-01
-6.769642211475415672e-02
-6.351416949263583023e-02
-2.451846490938028311e-02
-3.874562827624913885e-02
1.210335112139410141e-02
-8.716020176417796361e-02
-1.023758964578752040e-01
-1.168973340207718481e-02
-5.187590331878871863e-02
2.565533062157038247e-03
-2.108184021781558948e-02
5.946840846954429272e-02
1.967672689658224450e-02
-1.237360245242016821e-01
-1.375140558162953330e-01
-8.263148028582617544e-02
-9.009381900045720926e-02
-6.251219706494892669e-02
3.616058349639608704e-02
4.528197162541557075e-02
-1.321433265208324936e-01
-2.866563257504994855e-02
-9.342118729694726120e-02
5.704588222404897990e-02
-8.158812078582808325e-02
-9.655440321152988781e-02
-1.324940730998442895e-01
2.087746014458911614e-01
-1.450636592082910625e-01
-9.534661730512355993e-02
1.392077871638247588e-02
-6.869008733596956850e-02
-9.520138791258761501e-02
1.016408907863591837e-02
-1.151860306961274560e-01
-8.442617786452674689e-02
-1.467082849005355016e-02
-1.061131228735083809e-01
-1.895686612545163796e-02
-1.294984222096709492e-02
-7.542480544042728940e-02
8.081122874316670757e-03
1.527425778696628322e-01
-1.139039898143104912e-01
4.854997973938453282e-02
-1.085217771737489456e-01
-9.251510015786623686e-02
6.131180268097426167e-02
-5.752660619502392159e-02
-8.588522267248896447e-02
-7.419226271525142247e-02
-7.001166868030450630e-02
-1.185768549383704462e-01
2.553027392088785819e-01
-1.139098059052391365e-01
-9.416352345979328575e-02
-9.171078820840783408e-02
-2.104774139893335339e-02
-1.741352287427500034e-02
-5.330828961092234919e-02
-1.136862334409655395e-01
-4.092238882837587188e-02
-1.283803266779496022e-01
-1.227533325535304365e-02
-7.711240811344738377e-02
6.943596447611957712e-02
-1.132322131666976261e-01
7.082897544222943598e-02
-7.523743234663399226e-02
-6.007264051658825488e-02
-1.151056320266297117e-01
-9.856889456878392686e-02
-6.471994524045948660e-02
4.464754597881913645e-01
1.535069988666873109e-01
-3.786824171104929970e-02
-8.564707237811619578e-02
-1.138592356736675137e-01
-4.542689838713376282e-02
-4.114187131408827969e-02
-3.930977931815043958e-02
-1.149706396974007339e-01
-1.004260939878346137e-01
1.411863357300675859e-02
4.489012123166235546e-01
1.701671054097460278e-01
-3.238266609214002223e-03
7.912269108850267241e-02
-1.131873660655850489e-01
-3.330803412671343167e-02
-3.299840309050428022e-02
-3.585313532610848175e-02
-3.161046933709235618e-02
-1.040471384171292590e-01
-9.632625931530952590e-02
3.943364769930851055e-01
2.143764569459649105e-01
1.254511184760711551e-01
-1.402348667586433839e-02
-1.333006735266057952e-01
1.111598442999524872e-01
-2.233284032631036031e-02
7.786117470003073304e-03
-8.234704910737986050e-02
1.321486052345519080e-02
-1.144404912720717871e-01
1.385769962357445428e-01
1.155435958367112131e-01
3.013551319350266100e-02
-1.442123521652860507e-01
1.399074721141859712e-01
-2.857311227988384994e-02
-2.641575596451875563e-02
-7.247577124979531771e-03
-7.688123892398762704e-02
6.929551137811884587e-02
-2.133595941401736362e-02
1.327244482374725920e-01
-1.131037139356093069e-01
-1.537864376134334687e-01
1.317731813586484613e-01
-2.128478107716838541e-02
-2.574841824491891362e-02
1.194331534670883821e-03
-7.372309976407348531e-02
-2.130028048430805954e-01
-9.253859691284449518e-04
1.434394450317487690e-01
1.284386718957794549e-02
5.557256118323941618e-02
4.924646404226837998e-02
4.699097986038699992e-02
-2.515107136443767155e-02
9.586015550859655621e-02
-6.261277380094704137e-02
-2.046159984436526358e-01
2.791389871784025201e-01
1.878632848693990720e-01
-1.751491461182863585e-03
-1.182624140506273458e-03
-1.747532330518483112e-01
1.357876512478298769e-01
4.454758466580725079e-02
-1.785923222211413530e-02
3.511909620808767452e-02
-5.650095428244975015e-02
-2.507454197770450088e-01
1.293341189572909111e-01
1.050477924801374308e-01
-2.108402404912543271e-02
1.161379753287753586e-02
-1.035638293734614246e-01
9.248063903055675494e-02
-2.942198043959870501e-03
-5.095464068429811366e-03
-2.082877587131265473e-02
-1.317164581377155974e-02
3.332341063307652645e-02
3.755283181061169762e-02
1.145693133196889618e-01
-2.289920292376049216e-02
-3.201942709218163347e-02
5.695351954109267867e-02
1.098251791617274320e-01
1.731094591164605845e-03
-2.206132887369594009e-03
3.628844516606392900e-02
-1.612927597628964760e-01
-7.320003031631175383e-02
1.064574783761458449e-01
1.375737385632105902e-01
1.180600027271290625e-01
3.534309085730412414e-02
4.229541210860697509e-02
1.204195987744563490e-01
2.373050202723303234e-02
3.329568616581873863e-03
2.200268794327531197e-02
-1.684683487486934861e-02
-1.919988036009989685e-01
2.631342412591591851e-01
7.296990396869912354e-02
9.262620958233538926e-02
-1.209404128057903205e-01
-1.534781467186949744e-01
1.992168813777408024e-02
-6.202643438951142840e-02
2.956778400949280905e-02
1.145877250331449049e-01
1.702131172328161246e-01
-1.741958138866193107e-01
5.239254134742583197e-02
1.198930763394750881e-01
9.384903436411073940e-02
-4.743603492833942115e-02
-2.930299162542188141e-02
-4.067383388256079479e-02
1.718868345762094435e-02
-4.434205191394675893e-02
6.898767817103051980e-03
1.367870258285235618e-01
1.710348600139076636e-01
-3.933263474337675425e-02
-3.680669065203113210e-01
7.810110397333290544e-02
7.304329929911873576e-02
-6.999545981510713055e-02
6.421140655484686155e-03
-6.631660877630340956e-03
9.442701706273196050e-02
1.867044665264128156e-02
8.649454294261255116e-03
1.100255736908790083e-01
-6.902246445439241818e-03
-1.625163922979626085e-01
1.648886301220958139e-01
5.883634326147976767e-02
-4.849994103306409787e-02
-1.596813284627870977e-02
-1.705821868777779304e-01
-1.103212066521315482e-02
1.230987523959822805e-02
1.296446515078314432e-02
4.559756480591989347e-02
2.746561158194198160e-02
-7.142399999332529892e-02
-3.832221698861430492e-01
9.507181556556187907e-02
-8.873593645166238941e-02
-6.228857128789322406e-02
-1.282381375579187410e-01
-1.707678466643935966e-03
-6.706059833449269647e-02
2.497893983943011431e-02
3.389825357670835093e-02
4.903111081436643121e-02
3.019928732662359450e-02
-3.809497691745931114e-01
2.444063348687132431e-01
1.940981558705842658e-02
-9.650419715399111142e-02
-5.912209181586920714e-03
9.223025927198036378e-03
-5.145835736541906624e-02
6.977695043148951504e-02
4.653050885833130701e-02
5.735745063650697639e-02
4.523824686541978723e-02
-1.671036261916731824e-01
-1.438812083845570355e-01
6.083285774768343313e-02
-9.691564033441701920e-02
8.598610139703607991e-02
-4.436622407661716672e-02
-5.761176045318672223e-02
7.505607212207257573e-02
3.223957153369871875e-03
1.819058453155559807e-01
5.373538463546896626e-02
-1.241284693316408727e-01
-9.457348343500363019e-02
-1.631915782455095609e-02
-6.086733914449418692e-02
-7.428313980848713638e-02
-6.972456846575367240e-02
7.507307634529397644e-02
1.751098084183036474e-02
1.406959911258763574e-01
7.491363186964702936e-02
-9.230161191548016952e-02
7.398485495358619879e-02
-5.006800261840799182e-02
-4.063154791372064478e-05
-1.079134499429413863e-01
-3.408470984407028365e-02
4.632480593777921207e-02
-1.403954581995867090e-02
1.553854513203943855e-01
9.345401854369414507e-02
-5.084600026760163760e-02
7.485504191139333297e-02
-8.226538738436872666e-02
4.815060896519198635e-03
-1.510913643860221922e-02
-2.399619763875258938e-02
2.913382395288152682e-02
-1.980228412616941158e-03
2.048366816358421771e-01
1.058413480878554885e-01
-1.855154721906088211e-03
8.766856988730187261e-02
-8.415093612712559734e-02
-1.312676966620332508e-01
4.248723572733460740e-04
-5.043467433106645775e-02
-2.426266244834718311e-02
2.512323329344963718e-01
1.882695634258389483e-01
1.351725483270056483e-01
-1.569354889511168638e-01
-7.279915531713732069e-02
-7.638834754899181956e-02
-1.037832335676515672e-01
6.743269016846440561e-03
-3.555590428912921985e-02
5.970961194743043543e-02
-8.283255895572325112e-02
2.446444057889347046e-01
1.583270994930466857e-01
-1.277930195299458449e-01
5.762587108412112191e-02
-7.174478004818968246e-02
-1.441992810222239019e-01
8.030661668552657381e-03
-6.139914789167010001e-02
7.249091826679540662e-02
6.412560005692680143e-03
2.833766967716611074e-01
1.333036637893256771e-01
-5.934234881284493335e-02
-1.033100646025082447e-01
-5.772346448688020493e-02
-4.501687516500588182e-02
-9.225329068182679115e-03
-4.929042820439380468e-02
9.108682289263553278e-02
5.022036222606529599e-02
2.883420987645003430e-01
1.750950654415484031e-01
-6.502181565202068414e-02
4.493915804584175389e-02
-5.891336825710541403e-02
-8.763276490847436706e-02
1.411194170229478767e-02
-3.572357442100440594e-02
8.268893030214113926e-02
-9.040955164712966008e-02
-1.631694034275245064e-01
2.192150466776059403e-01
1.211630400616696968e-01
5.706920281732014155e-02
-5.570464828187315920e-02
-3.299575204081445223e-03
-3.316391035204760418e-02
-4.382673639806014543e-02
-1.824515224030527627e-02
9.440938037690668749e-02
5.746887826915525466e-02
-2.170106453064268304e-01
1.997789428718919347e-01
1.340557664379167513e-02
-6.617652355317826807e-02
-3.829864737637206362e-02
-2.418691494305238998e-02
1.404780913100048961e-02
-1.390835707166018786e-02
-5.385701471443848920e-03
-9.163836491542640128e-02
-2.143659269272901180e-01
3.142771852401596844e-01
1.499768135136858582e-01
3.078024670366621973e-02
-1.561089365984080768e-02
1.946365882967007743e-02
-3.084406837034082971e-02
-1.396942082308986685e-02
-1.095632683167911507e-02
-4.927073613549073916e-02
-1.895441931188492912e-01
3.043329793811415662e-01
1.589247571954576499e-01
5.036761459345909242e-02
2.156268893170770751e-02
-9.465732016628855550e-02
-5.113553922968357146e-02
-4.230690880263664189e-02
-1.616382825544585705e-02
-8.463468848214453222e-02
-1.701976514540187169e-01
2.049532855983242086e-01
1.568637190463812447e-01
7.640977350883979002e-02
3.012286262683397386e-02
-6.565061553549297879e-02
2.247253966655321511e-02
-1.279521914032812589e-02
-4.704848025178268167e-02
-7.804570272972205514e-02
1.091508072946907881e-01
2.838553840512522131e-01
1.721791312865270929e-01
3.481767403711254205e-02
-1.416902311546441862e-02
3.740663306020935996e-03
-3.036479565727463747e-02
2.132264504038360042e-02
-4.756328236413084887e-02
-4.118995239717448964e-02
-1.264215621966449932e-01
2.681935952054314010e-01
1.742848563600250533e-01
4.931621312747401509e-02
-1.250045017749182308e-02
-3.162585528513811584e-03
-3.576526553387747442e-02
-6.751972814498971576e-02
-3.553672929504628208e-02
-1.179802077723443587e-02
2.787532918363053169e-02
-7.175461447536896076e-02
2.528851435197311259e-01
1.109704485437193189e-01
8.691872821708357399e-04
1.240678200984171586e-02
-3.829041967093390481e-02
6.156985068535553163e-02
-2.612219894669044751e-02
-1.555611862569168669e-02
-1.242365573322345984e-02
-1.060272233725393642e-01
2.234225783378048780e-01
1.241050546283699874e-01
-1.137800595238039336e-02
4.357278563557981377e-02
-6.293532210865936116e-02
2.225128030231758591e-02
-2.349953712366523173e-02
5.160090340196321623e-03
1.421287676792620802e-02
1.733681212123672211e-02
1.319362379970407118e-01
2.018876785613675784e-01
6.071503020177169974e-02
5.574908276787526873e-03
-7.012863879009156864e-02
-7.299559707178651657e-02
-1.092670421564514577e-01
6.659132802573092258e-02
1.279170700180580211e-01
1.714494306071127072e-01
-1.911363257816319772e-01
9.673851797889342075e-02
1.788054943633967664e-01
-1.489753907790267173e-02
6.060047185670251746e-02
-3.620216201625305052e-02
-1.664019489358203874e-02
-1.269684437156993473e-01
1.082672936627585014e-02
1.539435019175243169e-01
1.253563668388850694e-01
-1.912031484738295484e-01
-1.228008961904978047e-01
1.890171990581270278e-01
3.351347842578812630e-02
4.777505632210882203e-03
4.315477911604839734e-02
-7.092064902818787098e-02
-9.162954585433295829e-02
-5.445151252481350568e-03
1.620344311457466158e-01
1.644802691971025688e-02
1.568324989801667124e-03
-4.496578095341283166e-02
2.109327151672665546e-01
9.924113315340160613e-02
-6.127886788650116490e-03
5.577395627660276800e-02
-4.112901993338163864e-03
-5.009660118004652385e-02
-1.340548286957072288e-01
-2.754565573045017479e-02
2.141989174112656630e-02
9.806749049708719801e-02
4.959509337253421857e-02
-2.476522293633621336e-02
1.941926165574541507e-01
5.389320876411344413e-02
8.714371111544411130e-03
5.084040828214209107e-02
-1.697251550718459345e-02
-7.430046797705724959e-02
-1.038728563617452028e-01
4.455268230243664140e-02
2.837349046585437018e-02
1.198500954870682228e-01
-1.732403126784865521e-01
7.701651722563129798e-02
1.106952807697765828e-01
1.358437199022308195e-02
1.392247980339903282e-02
-1.098504439890737872e-02
-6.403792816775429053e-02
-1.453292372729539927e-01
-3.077213358887154193e-02
8.403376684928964835e-03
8.793868698376662574e-02
2.314448387416703778e-02
1.037845523994875285e-01
1.227366390056206513e-01
-1.957981993002774757e-02
4.576594614120263471e-02
-1.600794453067426459e-02
-6.871822403283739389e-02
-1.465703147283429764e-01
-8.579242520010377238e-02
2.135697405999267828e-02
-1.593164810953338895e-02
8.305719903650461700e-02
-1.024759715169673291e-01
1.170336724734777345e-01
4.929546627438922274e-02
4.629310158945383613e-02
6.787293855077564109e-02
1.490192628193026669e-03
-5.099393266275166481e-02
-6.388458822461923203e-02
-3.000320627624458725e-02
-3.624361810992335342e-03
7.736373315842169640e-02
3.143711172475530113e-02
-6.366085019459592764e-02
9.604725802135542778e-02
2.421724144416589897e-03
2.209821196656037989e-02
-1.961764740064099455e-02
-7.387448211378842833e-02
-1.332899132469713144e-01
-1.192065056742416806e-01
1.580548061832981466e-02
5.890684049064842664e-03
3.366387435076825807e-02
-2.589313539410298404e-02
5.060467607972787829e-02
6.210645430626073743e-02
7.477378406502754871e-02
6.150655364599543623e-02
-3.254259928383190781e-02
-2.218959110577520266e-02
-1.132342342374854649e-01
-1.412496652620886806e-01
-1.122503730141914402e-01
1.368106617093362010e-02
2.863837584365230837e-02
1.869837210931940552e-02
5.584250500850126975e-02
4.624841197773386231e-02
8.731327504297525799e-02
4.118637304654601539e-03
-2.990762755851737731e-02
-7.675737681037066162e-02
-9.401889266615984231e-02
-1.343687289058137502e-01
5.095742468174015855e-02
2.166496243829865720e-02
4.962444323056416917e-02
-2.862037576431419872e-02
4.824817247501067552e-02
3.906032952819468024e-02
3.437036780166712047e-02
-2.316001346863383326e-03
3.809729352907687688e-02
-1.871737058543772314e-02
-3.026361296093330044e-02
3.092594791485292482e-02
4.236761045368253598e-02
9.747758790668387130e-03
-1.099694197881870283e-02
-6.471453150197967186e-02
3.047049224724368566e-02
1.049960952560830274e-01
9.275859886271123345e-03
-3.542265288843779447e-02
-1.990700539142499503e-02
-9.235142738416472763e-02
-1.446410346248201972e-01
-1.280414240272783055e-01
4.372189890847549831e-02
-5.712191184649559328e-02
-3.533436694615862267e-02
2.261084786384839895e-02
4.533554396661323982e-03
9.619114102478371064e-03
4.925849411779592568e-04
1.787487845262142327e-02
-8.443988448986775031e-02
-1.554178505886510131e-01
-1.166219374359255406e-01
5.129826723224837487e-02
-6.424776749320185165e-02
1.947682942007369911e-02
5.399605615871494457e-03
1.076201575773111513e-01
3.094175264687782506e-02
-5.797877212866570096e-02
6.314929049269547845e-02
-3.065051259051475296e-02
-6.486227504889302553e-02
-1.042039122098006865e-01
6.132189593763662239e-02
-8.694277344145459607e-02
2.283798006310144846e-02
3.615649168221157783e-03
1.179749508183683682e-01
1.466922043732792058e-02
6.327506583804431983e-03
4.846023133561541685e-02
-1.346755729688501879e-01
-3.881261548302339381e-02
-1.828750686880526444e-01
6.948248839696485879e-02
-7.088765727773578551e-02
6.664039542896330048e-02
4.122277056182216404e-02
1.206623041329298873e-01
1.901818321733191042e-02
-3.213359801636092583e-02
-4.133479822849680380e-02
-4.634067134796573950e-02
-5.886908295437695560e-02
1.023675207920611424e-01
2.195711463353870740e-02
7.548830427251659869e-02
-1.435574555429115773e-02
1.393813414520054528e-01
3.773593050644254154e-02
8.432494272787245670e-02
-4.466417260154327551e-02
-4.225682522357268600e-02
-1.303873640019683200e-01
1.346048637173970497e-01
5.174831448492280689e-02
7.997791937539322493e-02
3.916550348940367465e-05
1.362643785502014038e-01
2.018284760782980414e-02
8.674321975817454733e-02
-5.121402256921011448e-02
-2.380252060321536023e-02
-8.328193003326556099e-02
1.070571818840461292e-01
-5.645702091797172306e-02
7.520499067780048175e-02
9.978060095271108765e-02
1.026035897447447054e-01
2.741351438052072598e-02
-4.349725696479275761e-03
-9.547657879187129715e-02
-9.835977286448083223e-02
-1.649306369836963104e-01
9.736019727457190243e-02
1.313168671369913110e-02
5.052671136134762042e-02
1.404884996158136112e-01
4.484216784595945748e-02
1.396217323784655628e-02
8.903297731955721328e-02
-7.437769818509545883e-02
-8.027055578429878602e-02
-1.053660767819502159e-01
1.564832434511195525e-01
5.102994777516245417e-03
3.628132225782759734e-03
1.207850001138542489e-01
2.176006755283033112e-02
1.960754026197186750e-02
-6.489526953734425785e-02
-8.915821131177947834e-04
-1.343526365334653250e-01
1.318636749413628628e-01
1.470412642753850530e-01
5.958060575654916535e-02
9.205248918469766117e-02
4.939103382284494581e-02
2.742734010274802681e-02
8.061071264480433596e-02
-1.251214714459762400e-01
-2.989564635926572622e-02
-2.122020434195781846e-01
1.002344551700444647e-01
-3.059409610086852305e-02
1.417272608083274821e-01
2.749721492511916776e-02
2.370063681803166733e-02
9.204363252953612351e-02
-6.927196900346586916e-02
-9.713897464617093913e-03
-1.311912565843931233e-01
9.686877416165565191e-02
8.926727974355365414e-02
1.131279750653158001e-02
9.381410547740051675e-02
4.012521517378048186e-02
2.951026967345729557e-02
3.632438535523987294e-02
-7.861586515204932457e-02
-3.882010075041281150e-02
-2.150120491855329607e-01
6.229822222687830813e-02
-4.337406009376867932e-02
2.029901387349786201e-02
8.268710724034813997e-02
3.421712426339292012e-02
-1.244943182224056422e-02
-3.918818344248124752e-02
-7.054152243730818506e-02
-2.968797628068470251e-02
-1.996228106350978193e-01
9.171462457807411095e-02
1.184623083985725939e-01
1.152974578712512299e-02
1.041338615360909159e-01
4.200030916505297085e-02
2.050829337171708455e-02
1.581462064359547351e-02
-6.577241630803259964e-02
-2.612051336879037122e-02
-1.433315159223135238e-01
-1.598509034092998882e-01
4.990630079782418238e-02
-6.034603909238353547e-02
2.556203036823473385e-02
7.147136883769114601e-02
2.633213684973143009e-02
-1.341805876973468925e-01
4.099356965324840729e-02
-8.330331063118390222e-02
1.844931782410619281e-02
-1.355214483529969538e-01
-1.526858928681380789e-01
-1.026206220653635981e-03
-3.760892967785627039e-02
-6.406779401094597759e-02
1.179703191080289926e-01
3.928162245247737716e-02
1.886209280183967496e-02
5.369451545304444740e-02
-6.336938950418921634e-02
-3.835046278695031230e-02
-9.288579488911863358e-02
-1.655410796391287576e-01
-9.560495055878112658e-02
-3.921490105292391171e-02
-3.312684246718142211e-03
-1.124100019266238704e-02
1.460083110809648477e-01
2.618256294961807118e-02
3.124310501713040145e-02
-1.869407624378317534e-01
-5.053880280021791349e-02
-8.864217205759920837e-02
6.588617450508467074e-03
2.949911190189208332e-02
-1.129754142673753403e-01
-1.213909673870855466e-02
5.104287538686061443e-02
-8.205466765931593298e-02
1.366431708391103728e-01
2.248742236048595355e-02
3.890340252329221871e-02
-1.491814703649553542e-01
-5.346060404512545383e-02
-4.096339994233254983e-02
-7.124660887323414071e-02
-4.427981656435034385e-02
-1.005353255219304520e-01
-6.138880931423396081e-02
-4.434374212884435729e-02
7.051411815575961417e-02
4.922158768843456350e-02
4.832924250739020766e-02
-1.985327978727044196e-01
-1.511399393445514439e-01
-3.197423167859715643e-02
-6.924024342361861928e-02
3.289076850479177860e-02
-5.996799974305004610e-02
4.024026709667677393e-02
-5.531328749254882382e-03
4.554220294190494678e-02
4.895019621936873289e-02
4.840121709144162843e-02
-1.951559727749775930e-01
-1.689725759338547850e-01
-7.702729830339165307e-02
-4.677116302077866106e-02
-8.221675497514852049e-02
-4.266492235474445699e-02
-4.907351972815859886e-02
-6.630698326024625500e-02
1.322339424150796305e-01
1.130627162751596249e-02
4.893819020463416325e-02
-1.888848079128174762e-01
-1.664042748010716721e-01
-7.662525482398911680e-02
-4.198566579176421509e-02
-5.115695276987604345e-02
-1.735786241040666866e-02
-9.397026368859912049e-02
-6.540929444337056919e-02
2.067605958985400949e-01
5.199164965238337044e-02
2.172254590455235945e-02
-4.307016066311178393e-02
-8.240917615020973419e-02
1.697963635313472497e-01
-8.871417257768687836e-03
2.094496518578407851e-02
-4.775071522868795659e-03
-9.000511543025019323e-02
-4.446578884732123316e-02
1.878787897668897644e-01
6.044318168785986489e-02
3.389020807974330030e-02
8.303356124295488416e-03
-6.395307527933269398e-04
8.240543655294890746e-02
2.694411830225899585e-01
-3.227457042118142549e-02
-3.352800069622582230e-02
-5.748250550645417345e-02
-4.044826487264552295e-02
1.962684192234127600e-01
6.396999447346946033e-02
3.652890890757770626e-02
-2.924211241814232698e-02
-4.084625372860185843e-02
-1.055653263027248046e-02
3.021652073845521591e-01
1.773045856812385801e-03
1.079686455223261010e-01
-1.522892906036532601e-02
5.720077939039697190e-03
5.118150782991287562e-02
5.720652198919831677e-02
-7.975220626353116127e-02
-6.066419882922297752e-02
2.341668558471441952e-01
2.553849109723590471e-01
6.456606587837979139e-02
-1.730640116862888489e-01
-3.444306305180017125e-02
-5.560216554886976414e-03
1.674474504763543981e-01
6.814228766116214864e-02
5.954714880121714238e-02
-3.458404547180000954e-02
1.841658034828478827e-02
-5.950041324184082714e-02
2.791864079874082361e-01
3.308450129155019598e-02
1.331665601774286722e-01
-4.336397595418478579e-02
1.701738796437435308e-02
1.455288405020953302e-01
7.490676896555184539e-02
7.012986239395019306e-02
-2.961916692367241866e-03
2.376828092217398228e-02
-3.636055256349823850e-02
2.719579203139866896e-01
6.228901052118214487e-02
1.234460024485517921e-01
1.795108694708519304e-02
6.354702696677011486e-02
1.268653655812805314e-01
8.408972693811189725e-02
1.989305211557702568e-01
-6.543504087465937258e-02
6.502598498461915899e-03
-4.989881318024540213e-02
-2.396174545728796956e-01
7.134645060347252765e-02
1.144353584574583360e-01
-5.621108140166342082e-02
6.021787635215687662e-02
1.027926335694965554e-01
2.211354791610814496e-02
5.513566761834370888e-02
-7.999699619088750102e-02
3.427324096364259276e-02
-4.537960503655347200e-03
1.973554810654691849e-01
-2.953021288996856564e-01
-1.940675844819920726e-01
-1.318762832333453261e-02
6.224595685271380741e-02
1.037415934511073806e-01
4.312201417331289199e-02
8.211791669006229810e-02
-7.908382372343708555e-02
2.906978235333168570e-02
-3.518255767851558025e-02
2.151986679937668567e-01
2.620385153239992992e-02
1.288919486305742379e-02
7.298044705480960515e-02
-6.247162639117193050e-02
1.040686071892403669e-01
5.096099168378827315e-02
9.669759155549279006e-02
5.341848961625572656e-02
-8.051654250345121472e-03
3.470444075715774929e-02
5.746594537999610841e-03
8.472608961133459848e-02
-7.078190876012160904e-02
-1.470310141109314878e-02
8.562749405539588077e-02
2.886163471503278011e-04
1.215831240272398361e-01
5.710391481793569701e-02
9.800677030013821289e-02
7.252343948849671040e-02
-6.203864971847173476e-02
2.070840529888114297e-03
-1.226045947179901785e-02
2.111808583847512577e-01
-2.080912755652048474e-01
1.399714426688489222e-02
-7.602560414655470944e-02
3.704465716138322096e-02
-5.686014497897567965e-02
8.388297406762446062e-02
-5.197380203234069906e-03
7.911189478796704089e-02
1.668851035393622562e-01
5.547750606895240910e-02
1.493651297287547364e-02
1.880745783778273728e-01
-9.097696127593499216e-02
9.910262413064668818e-03
-8.818463549500810128e-02
3.407013426057543815e-02
-5.853765620115963797e-02
9.734206730963976262e-02
-7.678226039098290379e-03
2.648109136879839287e-02
-2.185972098414177417e-02
4.514576007723170026e-02
-7.616601969725732280e-02
7.093936345254811537e-02
-2.532601921222312757e-01
-7.205726638030678088e-02
3.072377654363693533e-02
-3.798172755537149170e-02
1.041411808002111333e-01
9.310262449892375836e-02
-3.969924231428945127e-04
-2.926951513733232202e-02
4.403045049578309389e-02
1.075308415182331667e-01
-2.105336770972077165e-03
9.557117132164005824e-04
-7.468860135462468408e-02
9.555147270460112585e-03
1.123271000344636533e-01
3.452949785718600895e-02
5.392101556709372190e-02
-4.424546567464381769e-02
4.956373080123286506e-02
2.614983824396499568e-02
4.252892320312506858e-02
-2.720345905153409571e-01
-6.123301702140182545e-02
-5.835357671195695595e-03
-5.975550859923001168e-02
8.534611830998990734e-02
8.835249113262572118e-02
-2.028208643958900881e-02
-3.454780990625391096e-02
3.409197417699935673e-02
3.219563058695422419e-02
-2.012322058620833465e-01
-7.399410450951675322e-02
-2.406142048345830120e-02
-5.065413809464935913e-02
6.862091513943632815e-02
8.349909310725728284e-02
-4.327406916646632518e-02
3.089077494388058759e-02
-1.046132997982613388e-01
-1.268173500947569754e-01
4.013690771005209296e-02
-3.927634193847462374e-02
-3.019962521983882153e-02
-4.777116669979250552e-02
-1.514123734308259195e-02
8.005003686392786477e-02
-4.569909972882637422e-02
2.778352171335482512e-02
-1.391018419587772836e-01
-1.197134554989139066e-02
-8.216843556096022072e-02
-7.070761414267551226e-02
-3.824115239937457555e-02
-5.280115131406554196e-02
-1.217485438848181500e-02
6.761156473791074539e-02
-4.802805831159832894e-02
5.849913088329238009e-03
2.100815104704553682e-02
5.593310425409582509e-02
-1.109573906418040018e-01
-7.505496564110579472e-02
-5.166772253908361034e-02
-3.747595210714457781e-02
9.600946070958721323e-02
7.609251763058355600e-02
5.863758000578114804e-02
-5.387731744926220478e-02
4.396720761706718328e-03
-1.138688264742098166e-01
-6.163738360703546748e-02
-1.037720259950669355e-01
-3.670249741879497152e-02
-8.130421287656833251e-02
6.497020656163707275e-02
4.425305412397884108e-02
-7.636297321545304495e-03
-3.967116600609964239e-02
4.914075837395058544e-02
-5.037675377424719048e-02
-4.676911657661297905e-02
-1.484044394386007382e-01
-1.024071778166302932e-02
-2.580030352231622859e-02
-4.791062393492429017e-02
7.559439322489974744e-02
6.130941705948833587e-02
3.903147133295759019e-03
-3.827429986914471227e-02
3.794463958438162865e-02
1.547688363003957984e-02
1.957958938257153558e-01
5.669365245539206150e-03
-3.572818504217370461e-02
-6.507716309135380683e-02
-9.087900404532237020e-02
2.691784050135682949e-02
1.861183440487745866e-02
1.660763931027167684e-02
7.134870011814013757e-02
-4.454828703543892848e-02
-1.211023413734546861e-01
4.537328632457855726e-02
-1.441045758326864323e-02
-1.386930063847778560e-01
-7.276746832967671830e-02
-5.556843327466808036e-02
-9.048532969665540326e-03
7.402393175215192522e-02
8.102475312895218718e-02
3.465813375282589259e-02
-5.058230059811893997e-02
-8.420338270088828514e-02
-1.195897530329937675e-01
1.160904155844770247e-01
2.129171534374174612e-02
-9.441659064976162807e-02
-3.032539530913329340e-02
-4.645478259829860512e-04
-5.328506081868056299e-02
6.753068063663655862e-02
7.378838190512115869e-02
5.250187609299580838e-02
7.137114117821166670e-02
-3.535804219016938643e-02
-5.962108025870381522e-02
-2.903016099738730746e-03
7.608946161112117856e-02
2.357642900444559819e-01
-1.270815746915929800e-01
-8.366424651329484874e-02
-1.045680435332492497e-01
3.117213588742723251e-02
7.725379600107273870e-02
8.538479927843478645e-02
5.869378226471748394e-02
8.696972743631625757e-03
-9.465210190961105552e-02
-8.628321278804401695e-02
2.606159753088402309e-01
7.433488689098877167e-02
6.809630896330285711e-03
-6.102076298509719054e-02
-5.599415135267371557e-02
-7.735021809697692485e-03
6.535224664482042201e-02
1.374426439375093789e-01
8.764703152937985964e-02
7.309771767784210839e-02
-4.210123862293307928e-02
-2.716579647472838061e-02
-8.570429650985932069e-02
-1.248034779869472422e-02
1.792402670505464646e-01
6.484616333657078346e-02
6.200853825448660039e-03
-1.089895686109396133e-01
6.619509557121495968e-02
7.565875529893549556e-02
1.373135982474231187e-01
6.980361786668305701e-02
5.264721601971347753e-02
-8.707622148532015438e-02
7.442922119269784753e-02
2.362033716940808437e-01
8.042652409905648447e-03
-1.309994548041431423e-02
-5.412017251662759598e-02
-9.982393783034959611e-02
2.696365623186428029e-02
1.103783129775685046e-01
1.410399624599664170e-01
1.196049394904105667e-02
9.531237056775634930e-02
-8.917717532879643194e-02
-7.056206860154226601e-02
4.980510008160091151e-02
5.978825618017691301e-02
-5.243938338177748376e-02
-5.468754348559941303e-02
-1.451591503987653686e-02
-2.533522466670960760e-02
1.242211264680594951e-01
1.569160130749841509e-01
5.430851225361026102e-02
-7.728617380411549609e-02
-1.045319207580800575e-01
1.883794652715595208e-01
1.668804202388562974e-01
5.178220023003266004e-02
-1.936817517787802270e-02
6.604220959807394209e-02
-1.179323064369359325e-01
6.203668536348030949e-02
1.685210611968300243e-01
1.186694710396970498e-01
1.657088043709144809e-01
-9.295111009006751246e-02
-5.002584370189176732e-02
2.053912662854426308e-01
4.759693115316399048e-02
-8.099905699396767189e-02
-4.345344466177257503e-02
-1.076259983652159136e-01
-7.051121504074629731e-03
6.489639002007803470e-02
1.250857484066546232e-01
-3.006565183335600799e-02
8.925933479691670544e-03
-6.648873286448678255e-02
1.331540715273335507e-01
5.385427999602621085e-02
-9.171677517626886100e-02
-3.181291422830562904e-02
-1.410716241721416686e-01
-4.160228477229251098e-04
2.021548830582883260e-01
1.044745940696808206e-01
-3.354626002772875815e-02
8.651452009437896051e-02
-6.470176225583865182e-02
1.316283419923960363e-01
5.421857519596706698e-02
-4.497022621192059422e-03
-3.400293118005310450e-02
5.861141866031338576e-02
-5.564611059141381932e-02
2.128294328016526460e-03
1.306503464054048214e-01
-2.724038389790912895e-02
2.072201151673960517e-01
-6.592307086845655695e-02
1.768771500932265761e-01
8.707964342214113973e-02
7.645970204533181214e-02
-9.026022560328861299e-02
6.869684767590053531e-02
-6.873382847009323893e-02
-2.769381337055511205e-02
-2.701849685892113162e-03
3.390556068083267621e-02
-2.938514217871229101e-02
2.003824962791720399e-01
-7.863332840690603898e-02
2.761689307280769112e-01
-1.245544093246286899e-02
-1.111884681910959571e-01
-6.243190308891180540e-02
8.237997067263207185e-02
-1.465625310531364356e-01
-2.144519776640014391e-02
-9.012590644660985195e-03
9.469002915202701098e-02
-4.881327902330779428e-02
1.412478771067213756e-01
-8.255939620451413496e-02
1.566969702853927005e-01
-6.510462048343579333e-02
-1.230390446179212560e-01
-6.735099065507377247e-02
7.469262114696140209e-02
-8.950695821332299573e-02
-2.466748961742637469e-02
-1.698040685823399426e-02
1.291553465701450187e-01
-4.014218795533339157e-02
1.673322902814428081e-01
-1.122584352408026315e-01
1.063413351445001154e-01
-1.125361676409085687e-01
-1.210148598678766618e-01
-4.876282597731651514e-02
7.345510444597509736e-02
-1.155964168138100545e-01
-2.465535534051012390e-02
-1.354590351277352306e-02
1.113041973789911376e-01
-4.090373553539325413e-02
1.964037066645836771e-01
-9.970962504022912176e-02
1.666201529199587972e-01
8.349116339843706824e-02
-1.057949876564906050e-01
-4.767922722887329295e-02
5.234287343381364283e-02
5.400526739259270403e-02
-2.502814081024506976e-02
-3.480836816878260520e-02
1.454967912961535881e-01
-4.347659248889974154e-02
8.372575970783259491e-02
-1.020179900962873976e-01
3.487682577884165802e-02
8.732584471547846783e-02
-9.602873948436978224e-02
-4.765872589542975712e-02
5.883178052284843140e-02
2.337486106124042617e-02
-2.413179873983453683e-02
-1.295815476676237532e-02
-4.462528959344139873e-02
-3.724237901375149901e-02
6.015324074634938178e-02
-1.263141145049024028e-01
1.371934874380400515e-01
-7.284763009338698914e-02
-1.099047935077533122e-01
-5.363224409291771078e-02
3.907216992879045114e-02
3.973308283473897529e-02
-1.018675534484526635e-01
-5.150728036722013181e-02
-2.205108028804476927e-02
-2.692427005798324335e-02
-4.876685707600565689e-02
-3.297964305631244375e-02
1.141320997783284996e-01
1.226699842055145595e-03
-5.085599225228393250e-02
-7.638992425986317059e-02
-5.676193892517387291e-02
6.328771356204540566e-02
-7.581962133917916069e-02
-1.253094944678184164e-01
-6.450241982288507092e-02
-2.603155684106306378e-02
6.330584166371511223e-02
-1.232111069055647073e-01
5.559903848760461287e-02
-1.427457748174008889e-01
7.672725446442035802e-02
1.662009723901491931e-02
-9.473291794765843765e-02
-4.819408040576658725e-02
5.403998258591827253e-02
-1.180672560074965960e-01
-1.538852769378636354e-01
-7.927211639524103792e-02
2.973630462041909617e-02
-6.604992803911580168e-03
-1.863405422247135790e-02
1.267262196069518232e-01
-1.164866118759835673e-01
5.710504939938682023e-02
1.018480180498110288e-02
-5.312663066943482115e-02
-5.281925563778863686e-02
9.584904848665917743e-02
-1.931480979093709305e-01
-1.085277902621773483e-01
1.215399022684993113e-02
1.352979390746689159e-02
-4.193394959144253198e-03
-9.819099098952924209e-02
-1.349910241398691313e-02
4.813790251375194007e-02
8.189698801310485443e-03
-3.090045651813466687e-02
-5.232714568857127491e-02
9.347750781246634555e-02
-1.148362281548495067e-01
-1.637663825969312148e-01
3.029077868480956059e-02
3.324487620821559020e-02
-1.047195937522923948e-02
-3.138349970654327747e-02
-1.344039188430132536e-01
-2.809287448319869318e-02
-3.465600852692707345e-03
9.022943263243904388e-03
1.027924970199685095e-01
-1.075289897411643436e-01
-2.409804451477700338e-01
-2.174256350890191314e-03
2.364366549028724951e-02
-4.415490137061359177e-02
8.610985323460040863e-02
-1.139177198460222529e-01
-1.606713901214856799e-02
-7.943953275040588347e-02
2.226681741404773485e-02
7.877757164440704618e-02
-1.046050341306474230e-01
-2.031451811014897135e-01
2.880413707748635810e-02
9.309479295014866373e-02
-1.293586029115110503e-01
4.076764435840823930e-02
-1.811745291980904060e-02
8.969340617066945409e-03
-8.540433445025449877e-02
-3.954003426044101766e-02
3.353502024176469726e-02
-7.104990124359805703e-02
1.176577506302940446e-01
9.266072768678745852e-02
-1.182928975800654064e-01
5.878422741374497718e-03
-1.040899319544763557e-03
1.167156275277583810e-02
-7.059100857334893453e-02
-2.298867434283385913e-02
3.775337525403058697e-02
1.766425597804083258e-01
-2.119030419127255760e-01
-9.426596918856822160e-02
-1.172330184048490653e-01
5.235627263571090984e-02
1.640082232539458174e-02
5.421545313504208541e-02
-9.891215292679673976e-02
-4.056385795834138719e-02
5.984698287574534425e-02
2.003261919483312892e-01
-5.781467282092807303e-02
-9.344357972580316640e-02
-1.118715770803389853e-01
-1.903607628041537048e-02
2.527821097949819323e-02
-2.929100531612086056e-02
6.501471089707389073e-03
7.507629306978635952e-02
6.561438144513076498e-02
4.348727514995352067e-02
-2.119303717188869562e-02
-2.254699306524855784e-02
3.346108987290002945e-02
-4.302657030080650480e-02
6.519458785284426572e-03
-7.488314324594624871e-04
1.479554683860270226e-01
-7.755601371153630907e-02
-2.704323312176432070e-02
7.396674183811080550e-02
8.618268939601940459e-02
-2.626075600446337033e-02
-7.498658821808945607e-02
-2.747280123298562193e-02
-3.707254529167294810e-02
2.192395691913837097e-02
-3.801686471400678169e-02
1.286857057724972997e-01
-3.524075560110072336e-02
-1.063637769337147376e-02
3.393349102789336436e-02
1.611839567617909807e-01
-2.930527738952948269e-01
-8.402304254211487300e-02
-4.908703050887256586e-02
-3.538679984419024205e-02
1.073765256923826794e-02
2.067960847534688895e-03
1.313488935927746015e-01
-7.442498355961124634e-02
-2.690188893973272100e-02
7.566761229906357467e-02
-8.033855788950142185e-02
-7.489593743888273147e-02
5.600076375601291401e-02
4.988910936283996733e-02
-4.433849771198286605e-02
-9.270459625166371787e-04
-6.755859540494180138e-02
9.047712309599154068e-02
1.354038406238409209e-01
1.016041340408967153e-02
-1.771392474641847459e-02
5.965130328107484670e-02
-7.141525774769211243e-02
-1.062521069313072664e-01
1.234213304257289479e-01
-1.247029473663605059e-02
-8.953425631238665083e-02
3.631530973128294093e-03
-5.516565090127951987e-02
-1.793524279694128087e-02
1.185564013613000650e-01
1.425710660731994706e-01
1.579247736940253555e-02
3.920325090938511781e-02
4.630557554238329265e-02
-6.945628899349637342e-02
-1.336337588231553131e-01
7.178225364557672128e-02
-6.874357720539170380e-02
-8.071575370906795832e-02
-4.028342048022548472e-02
-3.507588395585687496e-02
-7.360443926758518385e-02
1.109875848458348468e-01
1.782212579052135093e-01
8.375535367196035308e-02
8.267599525430763263e-02
9.192596644604922318e-04
2.622265501200515825e-02
6.269416085968813890e-02
3.211308155442507695e-02
1.437231011215463483e-01
8.904561658074350294e-02
-1.112219084816170322e-01
-5.154371613117279816e-02
-4.781211245040146995e-02
6.164849693722906920e-02
6.858145197691672967e-02
1.479770070067496501e-01
9.053131189638846665e-02
8.006572335839225174e-02
9.152665601383268290e-02
-5.699128047448973056e-02
7.157128073554333558e-02
3.983440205370003540e-02
1.417910746806356759e-01
5.107885955460800265e-02
-9.510584006377101329e-02
-5.623704078302557696e-02
-5.831463068495244123e-02
-9.469994729302791403e-02
1.035761127870239995e-01
1.270061372497913177e-01
7.436647611762735310e-02
-1.135144243378494178e-02
1.070062955918161807e-01
3.526134511089198953e-03
-1.968450883766753590e-01
7.862738238604860541e-02
-5.660514140645755976e-02
-1.848765842187823361e-01
-1.852521916118541889e-01
-5.606091877411460700e-02
-1.046195079060463218e-01
9.822763052447197607e-03
1.216729139990087166e-01
8.398038028965927604e-02
-1.177991029711372706e-02
1.368450847695243944e-01
-2.870212274602024216e-02
-3.095631354582966538e-02
2.475502505560020494e-02
7.650267852103176391e-02
-2.112326911466202162e-01
-1.974440820342570069e-01
-1.054263062901529963e-01
-1.550645546595555702e-01
9.174539807169598826e-02
1.061300774824052995e-01
5.529707290204047276e-02
8.354910039422357160e-02
-2.912662035044422115e-03
-1.595697780278747258e-01
-1.731374913090575896e-01
7.260499904948936045e-02
3.427731252164079034e-02
-2.156297340790072348e-01
-1.200839897047766003e-01
-1.690278887473253278e-01
-2.911245984837940171e-06
9.464176347544206447e-02
3.263042332982557525e-02
3.295529193058088779e-04
-7.277237113336565422e-02
-1.300378628952328364e-01
-1.013664155217576524e-01
3.839145663531295938e-02
-2.269232731298026495e-01
-6.692459212868981377e-02
-7.680168567053904938e-02
-1.242849926055837606e-02
-9.811636948054064389e-03
6.549631707739386743e-02
-1.272395608229359709e-02
1.668868286737438811e-01
-6.728566623033721550e-02
-6.828780721960969746e-03
-1.217576143861603954e-02
-1.102893239836510997e-02
-7.329230560801824890e-02
-8.194908362268923940e-02
-1.440716570136055807e-01
-5.992978252606966094e-02
5.582521205581861268e-02
2.763861837300682356e-02
2.397484213142342391e-02
-1.040022490604790573e-01
-2.199478196975162558e-01
-1.589133165285007143e-01
-3.694864144583420718e-03
-1.950609735749401219e-01
-7.017508223808208156e-02
-8.808168248664846600e-02
-5.005761687858243519e-03
-2.229790220056104277e-01
-2.390785376151371294e-02
-4.846055837042506642e-02
1.037064545151749617e-01
-9.420443651728985235e-02
-1.783560571185007770e-01
-2.755778260667196555e-02
-2.572315854986067518e-01
-6.524039996057985624e-02
-1.319717949657216172e-01
-1.340542124123353940e-01
-2.168851897247290883e-01
1.356040397182443902e-02
-7.646710338415424468e-02
5.938371226442631934e-02
-1.082930729349953491e-01
-1.858266094548856884e-01
-6.837928694560180265e-02
-2.831283592947009264e-01
-6.911320085125551016e-02
-1.290416767193675318e-01
-1.346507211234533041e-01
-2.202299724556121552e-01
-4.561975158094699889e-03
-9.412017628942731529e-02
-3.872730975448562818e-02
-1.496054329757846857e-01
-1.945711063058274404e-01
-1.420507220803213233e-02
-2.472264912861051878e-01
-8.098495856427168071e-02
-8.421658669797703334e-02
-1.306000415807054560e-01
-1.771483716385136020e-01
-3.636501110615281140e-03
-1.143523048925902397e-01
-1.783853253308820275e-02
-1.224701890218878042e-01
-1.983879720259699164e-01
-2.883287342641593920e-02
9.843095036294180478e-02
-7.508452790379624431e-02
-8.238312144770748580e-02
-1.284877303297608520e-01
1.245626613542665101e-01
-6.869526724263633199e-02
-7.235878164823447700e-02
-2.537918733376726133e-02
-1.012144547129459338e-01
-1.089621997273291232e-01
7.025109694977660357e-02
-1.430643827667071322e-01
-1.381712575660028475e-01
-7.382656403099652209e-02
-1.068572582252156067e-01
-2.471086199429529257e-03
2.468902345602094761e-01
1.503392503608652619e-01
-1.104913275644165555e-01
-1.006835629180420355e-01
-3.302156216182280252e-02
-2.053903307088606744e-01
-2.495624093913184627e-02
-1.683166278280010530e-01
-7.156172424632090134e-02
-1.135480043515105231e-01
-1.070771405871945303e-03
2.351583810875148006e-01
-4.709465811491511666e-02
8.562000607756223292e-02
-4.658038860101582079e-02
-4.524482996395379208e-02
2.433080940500749120e-02
-1.668602937620857762e-01
-1.655740183949275801e-01
-2.658668396230118303e-02
-7.605473510236956947e-02
-9.203195668765784543e-02
-1.070662734322813670e-02
2.314587961051128295e-01
-1.018779958889473591e-02
1.438859429626435649e-01
-1.852424234932885105e-01
-9.134941500969218087e-02
3.487814084421447802e-03
-2.002569845730144682e-01
4.064056614384026211e-04
7.134756044209261683e-02
-8.859078120246036137e-02
-1.094210723210622960e-01
-1.178687464108426342e-01
2.081062226536872783e-02
1.862789320380031644e-03
1.791518105152715701e-01
-1.128650140898045939e-01
-7.986347172397745275e-02
5.352583989922763547e-02
-1.489502573953246922e-02
1.454612612724304199e-01
-2.534874367195247280e-02
5.376532466405342658e-02
-9.075127771940036392e-02
-1.140530247627372096e-01
1.489946926076152200e-03
1.616221008873446885e-01
1.505860151664345503e-03
1.175397411703169859e-01
-1.475806190472662704e-01
-7.962729948144656178e-02
1.456278614390782086e-02
-2.184528269527501732e-01
4.909908147821129276e-02
3.390943407441299184e-02
-2.846796373712139061e-02
-7.112262269266494963e-02
-6.056699826780143070e-03
1.256006657254203351e-01
5.218029520078340533e-02
1.539888237307817931e-01
-1.596906896251732710e-01
-2.147073028765260627e-01
9.294092016791044575e-03
-1.035731510272700495e-01
-1.092498368302646794e-02
-3.363244094390016592e-02
-5.297785988471720442e-02
-7.675541702214716544e-02
2.707530134085878171e-02
-1.329064791201066686e-01
9.533366354656133690e-02
1.501909293108793231e-01
-2.236744145002506345e-01
3.565055463008093284e-02
1.556755899744302618e-02
-1.468084773888066463e-01
2.309349695362206134e-02
6.352625840016473679e-02
-4.558710134792631763e-02
-6.360531809169678308e-02
2.279355885503069057e-02
-2.506895125170927052e-02
1.293615373405885838e-01
1.282737132963182591e-01
-1.989702275235656903e-01
-1.707327840004779773e-01
2.289672272937133199e-02
-1.131548549561477435e-01
1.659870979879040087e-01
2.225071577875853412e-02
-7.196441950839288504e-02
-6.477661535462148068e-02
3.799274085873863283e-02
-1.626459583887849281e-01
1.227083862262044189e-01
1.230152153759860451e-01
-9.309873874336760391e-02
6.283179958038800916e-02
-1.278577067117938615e-01
2.766380994680573552e-02
-2.339544215203943622e-01
1.435709258692109414e-01
7.970192199472456163e-02
-4.402947275146807532e-02
-8.948352758765373838e-02
3.007816153089834521e-02
-1.641783711465875095e-01
1.212104990958700612e-01
1.007009290528863149e-01
-7.353200246622199066e-02
2.861743560690208077e-02
-4.971542989146794655e-02
2.554180211828014843e-02
-2.448455058775188542e-01
1.721944505316572727e-01
2.562855143839286309e-02
-7.396158270849856331e-02
-5.984174914262091471e-02
3.745491451499347035e-02
-8.310183001123566671e-02
8.680720164408606276e-02
8.958007407948967438e-02
4.364018684335710385e-03
-6.696682712717727526e-03
-9.381213926670348147e-02
2.901162547321227414e-02
9.989350419137749126e-02
-8.588639681243726010e-02
-9.457093387794307526e-02
-1.459416498045692512e-01
-9.083127879848852670e-02
-1.206286490233118291e-01
2.669609762614416626e-02
-1.352286605718593659e-01
6.686210247680593466e-02
4.062124361739528899e-02
-1.951873736678697013e-02
-1.144696136052515967e-01
4.069764790836372798e-02
-6.326641185686918134e-03
-3.768273642825306080e-01
-1.595307461570969476e-01
-7.165761669116255117e-02
7.370144108307490061e-04
-9.749311206365043891e-02
4.072890476678125982e-02
-1.584162436164917587e-01
5.478529858762515303e-02
5.677708070401656787e-02
-8.477348509588270020e-03
-9.468288674790187320e-02
9.923528488898220035e-02
-2.464328336857126572e-02
-8.175871888737140658e-02
-1.371095562388688349e-01
-2.169379048754491168e-02
-4.811033364186956263e-02
1.216721242912987416e-02
-1.297494514538300170e-01
2.308432505593750739e-02
-1.164316628257834330e-01
2.412760517934878224e-02
1.504094201832284483e-02
-1.403325789207092722e-01
7.080498172552146530e-02
1.306304967661072597e-02
4.549744919430392942e-02
-1.894002840110188268e-01
-1.135667803303563733e-01
-6.908575361606628107e-02
3.086402217701068179e-02
-8.280234314488268965e-02
7.054817752696908306e-02
-1.132855517071559015e-01
3.571591908771959423e-03
-6.707622024928722171e-03
-1.059793101396164505e-01
-1.063770352815524289e-01
7.955852169729317469e-02
2.191835218752977155e-03
8.647879065562885659e-02
-1.600607026626628404e-01
-1.152573197676943217e-01
-2.863656046465382077e-02
4.640500770921349855e-03
-1.136124010129109518e-01
2.630189993742560947e-02
6.886841756451939078e-02
-5.910846270582612028e-02
-1.138267844912030924e-01
-1.171410799033980599e-01
9.698888306552430616e-02
2.459220436953277189e-03
-7.618907928325707735e-02
-9.490770760388020366e-02
-6.553287637377849806e-02
-3.009038164977365093e-02
-2.870966923991857128e-02
-1.169594218801909280e-01
6.313919131662977524e-02
-5.009781876445076887e-02
1.950443633505814789e-02
9.882891430148263434e-02
-1.027716637322861892e-01
1.136561062005342349e-01
7.117839023627919870e-03
-4.938547305087961914e-02
8.932949682910445999e-02
-6.756236927405037673e-02
-1.021148376448584860e-01
-6.733140060107564717e-02
1.810366554097460334e-02
-9.331883179605131307e-02
1.899756773164964010e-02
2.671375284064335387e-02
3.332477373364799156e-02
1.368873760607239309e-01
-1.332602128234487704e-01
5.115358475021476725e-02
2.742165901098159164e-03
8.631472470331291724e-02
-5.002682764583057939e-02
-7.279140200554731766e-02
5.019938861602174507e-02
3.958362713116861387e-02
-1.153451890579737515e-01
6.352684039817596551e-02
1.519681734873948309e-01
2.196804501709617718e-02
-3.172114849937129888e-02
-1.034140148628042155e-01
-9.377390745998887001e-02
2.026112291224743678e-02
-1.271181882716070077e-02
5.380587042879642068e-02
2.676490238632912855e-02
7.977578481910718722e-03
-2.864868580717207930e-02
-1.136327492977783626e-01
-9.204323477979672874e-02
3.434553811926620986e-02
-1.233699234881866225e-01
1.113583817653923669e-02
-1.357344970858729294e-01
-8.573823950564532503e-02
2.648526994934655154e-02
6.802383882885329469e-03
-3.308252967272180822e-02
2.716708093006164892e-02
-1.154450911759174747e-01
-8.773965783182492706e-02
2.305380606298743779e-02
-9.236211206041516908e-02
3.616755029608517691e-02
-8.980290305483121238e-02
8.043880564417475731e-02
-9.152272268840011549e-02
-7.466704294412197795e-02
2.832298896438753544e-02
-1.816660583435825149e-03
3.755783308589027980e-02
1.403695874765640561e-01
-1.254150286737628350e-01
-6.890023085138530234e-02
2.097862798407550133e-02
5.657185926745361693e-02
1.360670711672783972e-01
-1.178950922978486693e-01
4.058137841848968863e-02
-1.398461351694036889e-02
-1.546735774649040662e-01
1.801757878712451078e-02
2.519748421654735560e-02
-1.905553221857106405e-03
1.035332002206349467e-01
-1.042418536839131438e-01
-6.042852210681413927e-02
-2.240987467179940407e-02
-6.634141002404866927e-02
1.875394490257578650e-02
-9.367177288823713699e-02
1.165382514013779403e-01
1.386602218774047324e-01
2.963739936975140488e-02
-1.025594123111386868e-02
1.392130411471426132e-02
-2.649852232506274760e-02
1.488782633862117399e-01
-3.464578541803741557e-02
-4.677783670369246860e-02
6.529030844276112466e-03
-4.141158530168317919e-02
1.533487047146112892e-01
1.952889685776257322e-02
-1.335003179224073799e-01
-1.290083408893205608e-01
6.295176313559427972e-03
5.332991638766368392e-02
1.359248798556185467e-02
1.680071792346457538e-02
-6.825990617470079069e-02
-2.842668532984223007e-02
-1.355339898092867285e-02
-9.282111872991383184e-03
8.393861337774372045e-02
-1.195475119584470669e-01
6.919756073922292416e-02
4.290229657645264205e-02
-1.519647429090593693e-01
-6.800319323365450197e-02
2.736626134202016503e-03
-7.382094595994700970e-02
2.764896790825957518e-02
3.733602624136908577e-02
-5.938233739252370830e-02
-7.614464045288139860e-02
1.611495153508916978e-01
-4.692085047659218244e-02
2.977923695469382459e-02
-9.828066965144643952e-02
-8.010750764482407749e-02
-5.148897565078661143e-02
5.123117190182546743e-02
-2.743752871372379110e-03
1.281305775222713605e-01
-3.361144382981324369e-02
-7.052962169893522981e-02
-4.747634612463483283e-02
-3.053010021448336608e-02
1.441187827651895514e-01
-8.950500231762585635e-02
1.589077122278525489e-01
-1.553113621196671179e-01
-1.706737936188051918e-02
1.057137433560638995e-01
9.681565583655737939e-04
1.225116375181409256e-01
6.982171707153858597e-03
-9.830026143313273790e-02
-1.008897566325378525e-01
-6.391016253588976959e-02
1.089399916133993174e-01
-1.047569655279615153e-01
4.521012778653171749e-02
-1.469373841735822639e-01
-2.968965451810631762e-02
1.137277213114060159e-01
3.575405342384180285e-02
1.052876184433858275e-01
-3.270567723220318967e-03
-8.058653394540213344e-02
-1.018485107355125152e-01
-3.246067011009670655e-02
8.632833975053308406e-02
-1.005872418784318489e-01
-3.040667516227935074e-02
-1.411828130577688634e-01
-1.234217000734588732e-02
1.031785933223482998e-01
2.911210362812326202e-02
9.006144903465423956e-02
-9.005700136691663360e-04
-2.773466275995775665e-02
-8.011428040484393220e-02
-8.962548985152651859e-02
7.600022601354339269e-02
1.069992286910677742e-01
-1.454371031887506938e-01
-1.411080524049485585e-01
-5.238374856408833935e-02
1.328238372959144875e-01
3.725978167178443934e-02
3.273369460278431620e-02
4.799828690631087469e-02
-2.831683229840420424e-02
-3.339545889535804057e-02
-1.151157718597448504e-01
-7.918435553549535433e-02
7.541052418210181241e-02
6.951592917783092074e-03
1.356854092657905353e-01
-9.051495466843428872e-02
-1.697180786070597858e-01
7.366984264628756440e-03
1.742725328297113629e-02
2.503687657488512519e-02
-4.704786419418319210e-02
-3.265584225884514413e-02
-1.106969793040864097e-01
-5.506895613503726139e-02
-1.347249759785158763e-02
2.960713330291171730e-02
2.834276892666831582e-02
2.092027219879193101e-02
-2.517287218830385753e-01
-2.593484712898053157e-04
9.437071433792548758e-03
2.073754619718612413e-02
-2.204566364011387170e-02
-5.402763263419885220e-02
-1.025094649558647014e-01
-9.164713946964589408e-02
-4.301271828298053324e-02
9.088561663721249351e-02
-4.186208559481405245e-02
-1.020814189127727395e-01
-4.591710907145759440e-02
6.460606100755011960e-02
1.069802185867695932e-01
-1.167491890545900579e-03
-3.120345334229898682e-02
-1.039826157948099128e-01
-1.053685411731090787e-01
-9.630837537373884705e-02
-4.402560727582710554e-02
9.524128576367212051e-02
6.745258908741294523e-03
-1.306271240087451269e-01
-1.384149370766986631e-01
-1.698910082887516437e-01
5.041992083844422379e-02
5.721676773755637879e-04
2.100917436621313472e-02
-2.282196366198402382e-02
-4.608649804055242605e-02
-9.386777721763242543e-02
-3.945739333688597084e-02
7.819314180709513451e-02
-6.367008147765973458e-04
5.927728488776784488e-02
-8.590592197267203634e-02
9.860165947061955150e-02
6.742966778953035645e-02
7.202141261769948177e-02
-2.567812116110445089e-02
1.173419091849051132e-02
-2.513115279591054962e-03
-8.216092520887724460e-02
-9.438578904561942262e-02
-2.947174460628029791e-02
9.844577373026497380e-02
3.928282557498680161e-02
-8.898467539981758101e-02
-8.072650752630319837e-02
1.254749833371397727e-01
4.445290433603305003e-02
1.559383095019580279e-01
-6.480164048976480573e-02
1.293092588977790003e-02
-3.522644046806787388e-02
-9.328237661895855126e-02
-2.254088895166228568e-02
1.063395360618777513e-02
5.317138264565957062e-02
-8.629469611188143874e-02
-1.129994327647236008e-01
1.290187341326781700e-01
1.831362617161635953e-02
1.688510872378717886e-01
-8.623834694601910378e-02
2.699327381462224285e-02
-3.429590956553231484e-02
-1.015586724366906862e-01
-1.059880502455223805e-02
6.616220212954243562e-04
1.093451724372643263e-02
2.931833457165397561e-02
-1.292991319742343992e-01
1.328545157668982735e-01
2.540997863185379124e-02
-1.636700925792491934e-02
-8.629929527543761525e-02
8.505371177518317172e-03
-7.009335240237790643e-02
-5.753981858275220018e-02
1.712907462487434085e-02
5.526393584931829639e-02
2.467452141912493402e-02
1.627328296105750027e-01
-2.385626077101046794e-01
1.204367183280294906e-01
-5.619001900512177183e-03
-8.059923421489689765e-02
9.347490218448550880e-03
3.618257402070299000e-02
-8.219919232633010608e-02
-5.862607477832348923e-02
-7.515777230754898397e-02
6.622427681794079701e-03
8.038711093140651909e-02
1.548338784966354631e-01
-2.440895100941432583e-01
-6.089492411501401525e-02
8.573276517874006686e-02
-5.947056356591778892e-02
5.131280095549156650e-02
2.103292105321261096e-02
-3.483946819702626874e-02
-5.143495171209039318e-02
-5.908591055194997721e-02
-5.855746694517627304e-02
1.172082321675608774e-01
1.851131749741524724e-01
-1.532247475273262605e-01
-2.226154714142504210e-01
1.188692488366261957e-01
-1.111322670647083843e-01
9.424926428275370860e-02
-1.151337823590384141e-01
-5.509503705992155331e-02
7.232653420477919148e-02
-3.339896251150463458e-03
-1.720356217219703998e-02
1.316077316074577563e-01
1.102545941528725593e-01
1.126404085967154106e-01
-9.499141049278914117e-02
2.796565837938514432e-01
-1.831007129784024967e-01
2.270391845302693890e-02
-1.067020889529312205e-01
-2.036884738178440513e-02
1.159970181147745721e-01
-1.425812552360297136e-01
-8.390910652013289228e-02
-9.977554114481798631e-03
-2.522602493951227043e-01
-1.951707989852538572e-02
1.328912519198598430e-01
-1.239139019794611440e-01
1.390349623102860588e-01
-1.150008052644953815e-01
-3.654125090523649422e-02
9.715252758527040400e-02
-8.888794480578535162e-02
8.379209104213428128e-02
6.720881761413735611e-02
-2.529235712547538428e-01
-9.640436862022039310e-02
1.126569568748062022e-01
-1.453971288950872132e-01
1.284633726884337745e-01
-1.214349670410290599e-01
-7.580451784196798326e-02
1.411842640487030454e-01
-4.592856187391245945e-03
-1.106233865850736464e-03
1.347057140630027183e-02
-9.580265922550551538e-02
2.149125466498313930e-02
1.010088002732794088e-01
-1.731334891500275752e-01
-4.600380837509168708e-02
1.239141753192302131e-02
-5.696689949167732525e-02
7.784182826233966568e-02
-1.537336125278704335e-02
1.010379065643845498e-01
3.962511247580224882e-02
5.636347148166209742e-02
-2.615302579987316411e-02
-1.639666506463468287e-01
2.176059364687998321e-01
-1.146764549151930435e-01
6.213971392506073554e-02
1.465751976003619728e-01
-1.148926427704918471e-02
4.242512785964436262e-03
1.279232464688327964e-01
4.642229414789758590e-02
-1.862751927711997491e-02
-1.624782170183070029e-01
7.084548309725047233e-02
5.569816172691521849e-02
-9.425369167061820042e-02
1.273047116581139115e-01
-2.843912753163306550e-02
1.279295335394187716e-01
-2.501795769164428251e-01
4.158978458717133009e-02
1.931792348782840341e-02
8.722925837027994955e-03
-1.657993534587116624e-01
4.279898234273148139e-02
-2.255001690330885045e-02
8.347656704346423373e-03
6.582515996774847278e-03
1.377878105288353472e-01
-2.577550884903750394e-01
2.539846718307953166e-02
5.973689393395709146e-03
6.309507397158684028e-02
-1.118955357352016816e-01
6.121853829126397417e-02
-2.781825437356583164e-03
-1.270068346573926046e-02
3.826247581881728199e-03
8.329881495851101936e-02
7.585288856590251261e-02
-6.537516563013823223e-03
2.973572106867439224e-03
-4.342007381974968133e-02
-2.700893296638388896e-02
1.401628320961006424e-01
8.004573851319907174e-02
-3.775826544048269812e-02
-2.430245060237897214e-01
1.290728740316430811e-01
-2.359106554421283031e-01
-7.212796050935332826e-03
-1.165212903370188291e-01
-2.362821204638942130e-01
4.578194136547140969e-02
-3.672808047743261750e-02
8.742473870423442261e-03
-1.365007071959853380e-02
1.327404242400916645e-01
3.088145274384439254e-02
1.019875712431131398e-02
1.372508787453083356e-02
-1.768873139257623461e-02
-1.504624525777638333e-02
1.429239550386240953e-01
-1.913141979098501033e-02
-2.434760590608216202e-02
-3.295729127347063470e-02
8.826041800734063525e-02
1.126378244929885364e-01
6.713831851146861984e-02
7.697291359425478818e-02
-2.935774821179403249e-01
-6.076469599141152977e-02
7.856039521824259575e-03
-1.399278564859737783e-02
1.107648117543241079e-02
-3.837199982065684495e-02
-2.614616002825129182e-02
1.170774006858011917e-01
-1.415095312800421223e-01
-2.195971645114586090e-02
-5.061423711034858386e-02
-1.944113969637409345e-01
4.866887543117204284e-03
4.079855039202628930e-02
-5.920498913119048856e-02
-1.394958072129134918e-02
-2.132915711101224937e-02
1.008782851538461978e-01
7.091083399410186283e-02
2.907173786290712103e-03
2.127548688187552717e-02
-2.641013884573094606e-01
1.784621056236251890e-03
5.700367306706224935e-02
-6.099213256787831827e-02
-2.659446969103437808e-02
-3.827233724432398121e-02
-1.333540525726244763e-01
9.086569103482211585e-03
-9.656393018370448833e-02
-1.438234914708336198e-02
-1.029459287235858223e-01
-1.053115054261658801e-01
-6.702984258837363374e-03
-5.690160026027514528e-02
-3.228786485591428335e-02
1.306851436202880606e-02
5.068946811830098154e-02
-1.234383170425182308e-02
7.837935576970081475e-02
-3.661801877449366582e-02
-2.362450222914497244e-02
-1.966480131328814940e-01
-5.302333876186741263e-02
-8.110925332648183383e-02
-9.466283249868817640e-02
-2.783156903400263449e-02
-3.092768969924770961e-02
-1.867932394130290552e-01
-4.932032260404048407e-03
3.565552593177828689e-02
-5.305146587067660624e-02
-2.021308750920292052e-02
-1.285979699415038813e-01
-3.929930649412657212e-02
-5.401700678159868096e-02
-9.650663657393471206e-02
-4.618973491508381046e-02
1.312263599634237894e-02
-1.646687316417371483e-01
-8.779876076307757682e-03
5.504998864211406440e-02
1.616531241298202470e-02
-9.329569132689632949e-02
-8.899111949654404941e-03
-7.158706923442312298e-02
-5.749796003519813681e-02
-4.468216976227609716e-02
-4.356977553399997427e-03
-2.175600805372891744e-01
-1.237417490477762949e-02
3.807792184926379886e-02
1.070811091318331354e-02
-4.618294203737599579e-02
1.693837503492513774e-02
-7.827347886775329333e-02
-7.671445533192319810e-02
-3.210889053065566628e-02
2.381173618275989751e-02
-2.089296727449429236e-01
1.965841462211988244e-02
-4.325118446970901975e-02
-1.045815981677203355e-02
-8.092664377371770745e-02
-5.007228143874750681e-02
-5.149449285875412619e-02
-5.096055315314584888e-02
7.249283542938353420e-02
5.975626490819967163e-02
-1.864342826003857756e-02
6.913829738047147511e-02
-1.498268380990420978e-02
-7.764232582897610813e-02
5.574442420155020783e-02
-6.460308103557571568e-02
-7.993702216252648873e-02
6.410789694601577715e-02
7.027240061191550313e-02
-2.180449729688217764e-02
4.535700020920173381e-02
-3.952837455220942209e-02
2.887518391989871147e-02
4.736882582284186738e-02
-5.690466780364362986e-02
-7.826420700984104695e-02
7.631403311716693227e-02
8.699061918630210388e-02
-5.827293106965804326e-02
7.572235075014389916e-02
-2.845836822511460529e-02
1.400116109168765555e-02
5.870122072311940997e-02
-1.001647039403885664e-02
-7.988333120805223009e-02
4.145783615316888521e-02
9.417105239884718260e-02
-7.402216370315500837e-02
-1.216652308360858387e-02
-2.162123218431540039e-02
1.756983731251279823e-02
5.295861612543281693e-02
3.180288431935761329e-02
-7.693148778696588808e-02
7.954837119962951397e-02
9.434607718665832810e-02
-5.829111894330089166e-02
8.000380100109716341e-02
-1.329715665061773772e-02
-2.568053439295642226e-02
4.291045478911664768e-02
3.360351529454240482e-02
4.429203318770531805e-02
7.955887459757254865e-02
6.327772717426374816e-02
-1.060887737438978851e-01
-5.538384431443689471e-02
2.678255608148601835e-03
-9.752201522706088754e-03
5.564165167930013034e-03
6.759693556330467756e-02
1.376479728201873698e-02
-6.764323925292391182e-02
8.260555782470896391e-02
7.136669519375178627e-02
-8.011883322132928864e-02
6.843011686644424885e-02
-4.782763482129460259e-03
-2.645175421388863690e-02
-8.962683664361983937e-02
3.061819987332616705e-02
5.471340207231761843e-02
-7.710693196030793395e-02
9.968235198596700486e-02
7.111899188058268262e-02
-1.351853579247487558e-01
-3.209965676195219997e-03
3.956960260836158566e-02
-2.229173212569728404e-02
-8.409093623494931502e-02
3.443880986920531267e-02
-6.253895755450544769e-03
-7.186978921051501157e-02
7.052054243825847668e-02
6.385570181348826369e-02
-1.388952300485129243e-01
7.170933056195478994e-02
2.194074045064477174e-02
-1.447056856997178120e-02
4.789412119200391060e-02
1.048423373547346382e-01
2.243786209296973200e-02
-2.664757574012072139e-02
9.656863661753462003e-02
-4.680074560032859710e-02
-1.189316013630244140e-01
-5.157510475393332905e-03
1.548712952933288534e-02
-4.564824892914174509e-02
4.512593505282076756e-02
-4.171057236152284076e-02
-4.221203416134763908e-02
2.001145854693522907e-02
7.759369134933188916e-02
3.872072810399196374e-03
7.128922675875083714e-02
4.596827562434598058e-02
3.311248615880442447e-02
2.933260161257478238e-02
9.650634043915984339e-02
1.304174792784711101e-02
-8.063691646735773877e-03
4.388730328097349698e-02
-1.121950415816347635e-01
-5.626153500273739505e-02
2.454860171388291434e-02
3.381566947287642511e-02
3.702210825271197436e-02
5.705585656252479265e-02
-4.947927110894437264e-02
-1.403007747953238793e-03
-1.580979262636128882e-02
4.872401844245474040e-02
-8.960674501309257023e-02
2.110832841739454513e-02
4.638518841197396270e-02
1.497934100451118328e-02
-1.650502775457568516e-02
1.966508757975787003e-01
-2.765668332543158581e-03
2.981883568102079718e-02
-5.803539787158196184e-03
2.531968778207875637e-02
3.954525769516076261e-02
4.997599563236311548e-02
7.047788454232191413e-02
2.029238280122423188e-01
1.021213858256458107e-01
-1.110948075747221486e-03
-5.395009880561620064e-02
5.197159641442959666e-02
3.599587445601947627e-02
8.642133342304045285e-02
2.655108609981341600e-02
1.859233678312313953e-01
1.449371788538423578e-01
-1.061833854806901595e-01
-6.957870250368228260e-02
-1.094586254815630988e-01
7.994010567308994231e-04
4.774652725811546344e-02
-1.194285534619142497e-02
-5.733983670256623255e-02
7.044532022484661926e-02
-1.470698116409236422e-01
-8.072537542487966122e-02
-1.132483405507699881e-01
4.873809855109451777e-03
5.699454710817199871e-02
1.366296012674073079e-02
-3.456539993963241020e-02
1.688563317616439963e-02
-1.709007404849184342e-01
7.645095358056547274e-03
-7.885593174981042619e-02
2.178873584076710876e-02
1.862180389311472728e-02
5.030070065010452951e-02
-5.177748460577297207e-02
1.019833742380511915e-01
2.018905506789758220e-01
-8.107112790051163032e-02
-5.108610275619041019e-03
5.696574264766633700e-02
1.282973813142566921e-02
4.558616380307758259e-02
-7.069130805350695712e-02
1.842231043035434668e-01
-1.975871570578410508e-01
-2.274300299955651222e-02
-9.087653878790902251e-03
5.584298458121469966e-02
6.497145487700098365e-03
2.896484236775206250e-02
-4.086711916532732858e-02
1.147269608531125695e-01
-1.516035837907234451e-01
-1.825972366934664609e-02
3.506509571074969966e-02
-6.059489036143204943e-02
3.092198847026222247e-02
2.734050557066456874e-02
-5.805296186482242216e-02
-1.727272817816828676e-01
-1.486814917080372944e-01
4.640793015429062196e-02
-1.314654668056863818e-02
-6.931275551418422665e-02
1.316359106293588099e-03
2.454998478682260399e-03
-9.587554137821847899e-02
1.737692639946379625e-02
-1.980873432730778649e-02
-9.871540198897604812e-03
-3.556067603020618417e-02
-2.277585704414775147e-03
-6.435756831412210721e-03
-1.881504731707244193e-01
-5.334475366937760366e-02
1.582236662444069797e-02
-5.423713041213198971e-02
6.263968777820826117e-02
4.951983068717551867e-02
-4.052306605342451129e-02
-9.136606116698781088e-04
-5.188407190204946673e-02
-1.654270729754975244e-02
4.538188639410330877e-02
-6.516425059951355681e-03
-3.785865663234545125e-02
-6.770259184824878318e-02
-9.539211088332626154e-02
-3.436756558501719017e-02
-2.356053378195943626e-02
6.397686148826281505e-02
5.252874689008397296e-02
-3.863939169311626787e-02
-1.617907227195922171e-02
3.373209417222391981e-02
-1.518563362148463158e-02
6.583172773317830240e-02
-4.086840562747065531e-04
2.779271315427802799e-02
-2.695147758017518713e-02
3.889387802072283296e-02
1.745074266574229982e-02
-2.652040084610123027e-02
4.258103036120611945e-02
-1.901219682422081170e-02
-1.615268787114977622e-01
-1.843316102564714759e-02
2.898707992743963444e-02
-2.723432783729655415e-02
3.960619708108591847e-02
-1.610303371753336876e-02
-1.469045956071775016e-01
-3.684378124058384357e-02
1.844352049992320497e-02
1.604546899692871342e-02
4.479325386624335298e-02
3.704487529414311059e-02
-4.068178134138249191e-02
-2.357330428798470878e-02
-1.205865884572309699e-01
6.964085515212070643e-02
5.892184570791997311e-02
-4.327764432130480621e-02
-3.501534798150686412e-02
-2.833787246472820043e-02
1.105180860263636350e-01
5.786611287437162104e-02
8.005015166762016743e-02
2.194059379990485198e-02
1.817815090325278909e-02
-3.481919475805529685e-02
-6.006525876158519406e-02
-1.126621257571499557e-01
4.413179746023100647e-03
8.443439140419528588e-02
-5.980978079017572335e-02
3.509445441664121867e-02
-3.016779922166845651e-02
-2.291989923262552353e-02
4.744633219122940115e-03
1.353226562840474656e-02
8.676494921002211869e-02
-6.113906268082684725e-02
3.699339131713551276e-02
-6.047765637973595565e-02
-1.622722195858739003e-02
1.189884724233301466e-01
-3.379941412999837302e-02
1.103006320812519037e-02
1.708608767779765808e-02
-4.447708862960651766e-02
5.177638349033279741e-03
-4.999866377458775379e-02
-1.004116455270755853e-01
-8.212547423786759060e-02
1.283812681153078117e-01
8.550841450063027815e-02
-5.400882598833833814e-02
-1.362574775636352098e-04
-5.680562248125439750e-02
-5.101384105737062635e-02
-7.123891952603117472e-02
1.347362383829729948e-01
8.509400830521884895e-02
1.878695049448750320e-03
4.662800238622334670e-02
-5.034477780194882013e-02
-4.032071078753501903e-03
7.958756234971969823e-02
1.941267066247662210e-02
-7.083437824055434373e-02
7.873998845835616933e-03
4.652318785405983037e-02
-4.598408850128363201e-02
9.338176690841120536e-03
2.566315894505022399e-02
1.431368061821362558e-01
8.089296686815944382e-02
-5.936783181123075903e-02
-9.186590517901054020e-02
-5.820499345603941110e-02
-9.725238855333370736e-02
2.149260092136362488e-02
5.012698559795850106e-02
3.316632259434927621e-02
3.074696053586468275e-02
-3.135185559525710541e-02
-1.857663136916842123e-02
7.896402393193358016e-02
6.357102844019468790e-02
7.561675413165629134e-02
-3.916539483203605732e-02
6.744627821365176135e-02
-5.690589608562535151e-02
4.416590951505311446e-02
-1.124387953236622717e-01
-1.205563737260800239e-01
-3.522487381162969777e-02
-2.835261209844328056e-03
-4.142479364175118139e-02
-9.564441616503072119e-02
1.181938244398461624e-01
-3.646887571706330933e-02
-4.310878234436890666e-03
2.918468781158672920e-02
-4.513115900402954461e-02
-5.766777893043234515e-02
1.316283705813273697e-01
4.487103503717077002e-02
1.143542879340493645e-02
3.209480284890360580e-02
-2.275950282658429150e-02
-8.358782853217121278e-02
1.684303011484656887e-01
8.174807250009261117e-02
1.516361179530792413e-02
2.251859775815291675e-02
-3.358912372509494093e-03
-1.412122378547907842e-01
1.734389789523841374e-01
8.990235351349812332e-02
1.476222181996424132e-02
1.174829794664107585e-02
2.464549884948388780e-02
-1.884086264843992664e-01
1.404689896159125873e-01
9.408301533256166471e-02
2.472621088562289293e-02
-6.760969090152169070e-02
-3.068792297331783825e-01
-1.547507285762717011e-02
-1.043597469337795569e-01
-3.144461547956184377e-02
-1.072077109127311280e-02
6.131135586046389252e-02
-2.182837041755847918e-01
7.986924016125629411e-02
6.342772040084673768e-02
2.672441549448420495e-02
-3.741844977089833768e-03
-3.306937198869903671e-01
-2.838999593683867451e-01
7.665961545651711617e-02
9.215356430327187320e-02
5.045621209096419479e-02
-1.119130178658227781e-01
-2.185077053892045262e-01
7.002476858983874841e-02
6.702468290086031899e-02
-1.729893841503217511e-03
2.635036261846371297e-04
4.586923850314671147e-02
-2.222298756291012645e-01
-2.461046554244361584e-02
9.328038368735447339e-02
7.156665456993419050e-02
-1.149042378398663078e-01
-3.421712186110031362e-01
7.661196508509982017e-02
5.550752962709903926e-03
2.471024171294767049e-03
-3.621742319430519552e-02
-2.697216000523621204e-01
-4.952740477029449195e-02
-1.150427958060028510e-01
-9.977225442165279373e-03
-2.808242959257432891e-02
-2.912469566109410213e-01
2.334894867106762639e-02
-9.238652035032135501e-02
5.646841455527493170e-02
-8.607267503142322640e-02
-2.100409158054981351e-01
1.542623160301026530e-02
8.560044849254183630e-03
4.296759204463766746e-02
-3.006118471718006724e-01
-1.569413292954216776e-01
-7.748683884589546711e-02
1.583212834057964868e-01
-1.007723861635621554e-01
-1.358975094878968615e-01
-5.148549935261816091e-02
-8.020404493003174817e-03
-5.648725767660484065e-02
-1.914506646386600064e-01
-2.686594239970591103e-02
-4.206083526788972904e-02
-4.145387655139501359e-02
-1.368233375140015251e-01
-6.965067204685723712e-02
-2.548627909931128199e-02
-7.083680415656731788e-02
-1.457682549063909205e-01
-3.607363498769222687e-03
-7.888355615180281388e-03
-5.737646913977585694e-02
-1.623022898486587429e-01
2.685885063819710983e-02
4.921335654970772355e-02
-5.872836577526472507e-02
-2.134228617794140248e-01
4.406726556724446797e-02
1.363113336632094108e-01
-1.953391733929369656e-01
-2.281093369099075618e-01
1.690298564137892867e-01
1.038345350350974583e-01
-1.789370466851734065e-01
-1.074237162477771346e-01
1.733042207328858164e-01
6.905600628523697604e-02
-4.347683317761523447e-03
-1.710895210440368519e-01
2.690031366149930880e-02
5.508631932833199518e-02
4.434460614684711255e-02
-1.349881860203144268e-01
-2.955960070529906059e-02
-3.412624897201940732e-02
2.900744726486978106e-02
-8.202672028332613774e-02
3.373757889518969044e-02
-6.952533779704356265e-02
-5.351708495065311821e-03
-8.188628750629978192e-03
4.036110229061667942e-03
-7.062424205624451279e-02
-6.139297236021877546e-03
-5.326217605535807365e-02
6.899010616722647815e-02
-5.244918998454917158e-02
-1.637748746174416681e-02
1.012347672899096551e-01
-6.075026755912635301e-02
-1.624485924252929980e-01
1.170515593057124271e-01
-7.844729896601015939e-02
-1.154707237439004386e-01
5.214697563889422738e-02
-9.395871951891393570e-02
3.231129264889323616e-02
-7.079231073829073129e-02
-5.068282370261825709e-02
-3.576051612411756953e-03
-1.075668779639201156e-01
-5.658939603968296539e-02
5.295294168090455833e-02
-6.630000829367441173e-02
-7.496127696449281230e-02
-1.154200778546075612e-01
-4.042651436873168080e-02
1.605464954413980683e-02
-4.595247947907010744e-02
-8.017439579806467931e-02
-2.722924143480742742e-02
-4.038897439954192842e-02
-3.685499675757101384e-02
7.330030541150445167e-03
-4.183838345559307004e-02
-4.184283463324584007e-02
-3.241894583029414356e-02
-1.047394543807239620e-02
-7.807241451247787234e-02
-5.083473622342050274e-02
4.110877471608292977e-02
6.621898510091529799e-02
1.011496345421605825e-02
-4.998479022662885574e-02
-3.320627446636327529e-02
9.204233764345703950e-03
1.949468396521338021e-02
1.250124711255468646e-01
4.420735394192784606e-02
9.990642196678062303e-02
3.896003079133528169e-02
1.097104636775811382e-01
2.910929846668205978e-02
1.334348409791840662e-01
2.244905528802920713e-02
8.482575459614789815e-03
5.510366496981747297e-02
-4.614143058329271685e-02
7.773168190758611429e-02
-2.283326338426316937e-03
-5.318313564628804335e-02
1.161410897091734173e-01
7.168480719633427145e-02
-2.593256713659661261e-02
-9.509786942910430918e-02
-1.026061531896824419e-01
-1.031390283265041508e-01
-1.021396263013534811e-01
-7.118586959987618923e-02
-4.465502853586514331e-02
-1.386710336841174562e-01
-7.729358434980471149e-02
-1.194687808725386768e-01
-9.706596394023732366e-02
-4.100680474847184787e-02
2.194835608842199137e-01
2.215667720230484472e-01
9.419118888839446424e-02
-1.323264269070796584e-01
-8.584527807759645412e-03
1.216093235060749789e-01
-6.295266574301072726e-03
-1.968012994086737466e-02
-1.450580290025246799e-02
-1.928397253551270007e-01
-3.991170705510310723e-02
6.028854339394407874e-02
-3.865020156145190788e-02
3.120994996633678076e-01
-1.967104657453563887e-01
2.332641846078268300e-01
4.468771341298111155e-03
6.605420025838293352e-02
5.473130913508525430e-02
1.357977111222798683e-01
1.771495427060999495e-01
-9.514634330263394002e-03
1.135758398424804166e-02
4.840350691377126591e-02
-5.665091904867991524e-02
-9.648723789476953971e-02
-2.139597939865800491e-02
1.022753319610692352e-01
5.332877131611594296e-02
5.536089389836015839e-02
9.069066537954705021e-02
2.805215054304660560e-02
1.615920370719176047e-02
4.260607705209729090e-02
-5.667044119740703711e-02
-3.598667334147706565e-02
-1.058727562367051123e-02
1.620765067823829453e-01
-8.062163655657325623e-02
-8.640719614333020049e-02
-2.944669950668835079e-02
-4.882488608400598062e-03
-1.578348411894539560e-02
1.184308668671913423e-01
-3.656444174020717641e-02
-8.404511418131220546e-02
3.172704670264359095e-02
3.576076840649583533e-02
-8.582690169703346972e-02
-4.114548266622654327e-02
-6.648273667360427019e-03
-1.025847869263569745e-01
4.914004615719185648e-02
1.734593969877117059e-01
1.259484070015753909e-02
1.328228452374817237e-01
-7.197364559377764093e-02
-2.347297153437680889e-04
2.551030741195860208e-02
5.169757610183890739e-02
1.963743290456138046e-02
-1.041751862703856890e-01
-1.104899706712961227e-01
1.094893871190911749e-01
-5.046675920338639099e-02
-1.237670586724994304e-01
-6.912482351355264676e-02
3.945291015671575918e-02
-6.954386283800015334e-02
-1.503797858300087720e-02
-9.492621645612736581e-03
-9.803858219680296887e-03
4.053817398399778282e-02
2.171368383324240661e-02
1.007738171397164900e-01
1.033638618447657864e-01
9.606956166115984685e-02
-8.406601460325757724e-02
-6.252611152336859379e-02
1.395526257063768316e-01
4.034036917521990895e-02
-8.856874285620097709e-03
7.511267671320101535e-02
-5.856006859278860971e-02
1.410592499199944394e-01
-6.816744015896487874e-02
-5.638796250772322438e-02
6.370161823289999248e-02
5.391248987918036140e-02
-2.229886742236615593e-02
1.065544766523265352e-01
-2.541271312737458654e-03
-2.547148166541712833e-02
8.027878014232950332e-03
-6.351026631549502866e-03
2.233729371615100767e-02
-7.149839163269972042e-02
-1.090380573403047226e-01
2.853309141584624564e-01
3.253121893327003411e-01
3.218907258637471736e-01
2.991491659766911670e-01
5.363338688716526304e-02
6.206471295409290295e-02
5.409710001624343234e-02
5.187763096872286678e-02
-1.418916884004962076e-01
1.901063240467006782e-02
7.430864373313220139e-02
7.817005000381574420e-02
9.277573880505038395e-02
8.772447033862496024e-02
5.354013992134924738e-02
2.081461532613251841e-02
-1.478484187109094239e-02
-1.136431490539166478e-02
2.116306895589717407e-02
1.864632726881325364e-02
-5.645433471764932376e-02
-7.246716157251098522e-02
-1.535808801257959044e-01
-1.724101070005797376e-01
-3.634686032831352387e-02
-3.959962181192250297e-02
-3.815349798534284353e-02
4.140163597456666955e-02
5.509873099410533132e-02
-1.847299189677215070e-02
1.045559762897226019e-02
2.093163495604836166e-01
8.961763134592685975e-02
-5.912691472672572390e-02
-1.692454120592193911e-01
2.257123205595997772e-01
2.341365999660960651e-01
2.409482900436436537e-01
2.093317933069949455e-01
1.642030630709387373e-02
4.678185969403438754e-02
1.061658475956397951e-01
7.416517306481382188e-02
4.377193313463828561e-02
5.054618056668494508e-02
-1.296078887248075517e-02
2.108431624592219111e-02
1.505824424990307997e-01
1.509583768722727593e-01
1.498469201234727821e-01
-5.983807662038870268e-02
-3.268547351702771886e-02
-2.761922510942235731e-02
-1.029716816729799728e-02
1.588326962689552979e-01
1.686445548409022943e-01
7.071202125139747219e-02
7.434370858803790449e-02
-6.231406657757454504e-03
-2.445510450414867254e-02
-1.516679125136038975e-01
-1.056198176083674722e-01
4.728729334160014508e-02
2.363084020067796054e-04
2.209396291019641301e-02
6.191559007704905415e-02
7.431798404835461558e-02
7.370427872150597803e-02
4.789226511854978441e-02
4.996287596243459417e-02
6.242905196564807468e-02
7.885536300298198742e-02
9.897428935385607640e-02
9.626766443860602929e-02
-7.783799224122095461e-02
-1.673230821160637261e-02
-5.640490843822014433e-02
8.875540059889407141e-03
1.770731412685153106e-02
7.994682587171328403e-03
4.738171841819679986e-02
-3.891198242590136053e-02
-3.860686318902779163e-02
-4.844203000250270341e-02
-4.725228292334142377e-02
-1.645816698866067740e-02
-3.952726820175270217e-02
-6.053491185111618822e-02
-4.162941846333287343e-02
2.418560303098044040e-01
2.346996723923615580e-01
1.717490663034217935e-01
1.311309901275085621e-01
-2.462507898852675237e-01
-2.907453155652622856e-01
-1.462799434647789609e-01
-5.424182734346721935e-03
-1.985652597681655807e-02
-2.153484278031456145e-02
-5.524111005705351074e-03
1.969774221880812859e-02
8.912243416582874000e-02
4.018862865231576098e-02
3.174401403350235462e-02
7.733543034031326036e-02
4.941786075585026528e-02
-5.991856946903628689e-04
-4.174588601615271399e-02
-1.978277672538422682e-02
-6.153921945343787669e-02
-6.945591242789198039e-02
-4.366324155714829125e-02
5.292616999687488333e-02
3.206708064211577502e-02
3.391885799211197261e-02
1.048358690407448501e-02
-5.777895007210480383e-02
-1.741780635385820064e-02
-2.654940765450787554e-02
-3.697681843911970745e-02
-3.512048556353430939e-02
-1.589896378265940047e-01
-1.497453832416552610e-01
-2.617154925058869097e-02
3.113091912769729713e-02
9.978796474407586325e-02
4.421101150835258370e-02
1.270515956318426509e-01
1.720131411447217706e-02
6.217691147904558235e-02
3.565119598939522905e-02
3.058844633908118504e-02
5.618306617339609288e-02
1.199532055981150369e-01
1.604939227247580147e-01
-5.360205427853396987e-02
-5.730136666712857402e-02
-5.680312221650105076e-02
-3.837469221760816257e-02
-1.099115793320544626e-01
5.843804139319105917e-03
-5.152639878536570406e-02
-3.467076380564385052e-03
3.587808845925746087e-02
5.425488801567340813e-02
3.235394782586127616e-02
1.941289958615303318e-02
-1.175121511906034311e-01
-1.212635187077991256e-01
-1.124935577733805758e-01
-1.130150507486794437e-01
1.170695944190636717e-01
1.298944794702696637e-01
1.519919265158407584e-01
-3.615880667882795385e-02
-5.629882596874494910e-02
-8.886108210197277146e-02
-4.001247594536663788e-02
-6.868554376354213398e-02
-7.546562041581526825e-02
-8.316844320516270095e-02
-7.436690637625667510e-02
-8.618325715449848268e-02
-1.121838885965983079e-01
-4.794500364544010407e-02
-9.710626441025649314e-02
2.713259040573734460e-04
1.614405549947178775e-02
4.345585936382820313e-02
-3.022713359660145205e-03
-5.409051418423702073e-02
1.146006109678496254e-02
-1.055073855466520105e-01
4.104542253365844884e-03
3.399364729146775455e-02
1.996416537423605086e-02
-5.897809579764379251e-03
1.212114180653797724e-03
1.018534851934879831e-01
9.311647024225477853e-02
7.551263527011733978e-02
1.117408051499786670e-01
1.694978780255460005e-01
1.042481162966235053e-01
2.080977692781034727e-01
-8.921656542047853855e-02
-8.961980439303042500e-02
-8.644044796387120866e-02
-7.881101856927476279e-02
1.727716843199247898e-01
1.691268786969390980e-01
1.347811077195943952e-01
1.535499979135774296e-01
8.498398877887322622e-02
5.755776268367748805e-02
4.707573862192174219e-02
8.642347559365604059e-03
1.346611894287964017e-01
8.374484114385422062e-02
1.093449921148212933e-01
8.586909901341291396e-02
2.108571174626069911e-02
7.012841751057730111e-02
1.274279339720750803e-01
-6.539719757753986729e-02
-6.991348225785667947e-02
-5.711026749233043265e-02
-5.484253602207483230e-02
1.439614510869775474e-02
4.299952314704789252e-02
4.805344652311244191e-02
5.654318157902822606e-02
6.407239534653261237e-02
3.314148973840498613e-02
-2.044045003759334400e-02
-4.215430124350347252e-02
-4.929007951058886339e-02
3.870061102475401416e-02
4.764278331630926455e-02
-6.405654306215008420e-03
-2.384278929101529831e-02
-8.269800605798377502e-03
-2.240467252987574098e-02
-1.289489280233212243e-02
2.919019643236011458e-02
1.827382968511185451e-02
-3.116524595506278694e-03
4.424250981162780594e-03
