-4.839166998863220215e-02
-5.808195099234580994e-02
-4.984399676322937012e-02
-4.889246448874473572e-02
-4.635562002658843994e-02
-1.002174764871597290e-01
-1.112450808286666870e-01
-7.835809886455535889e-02
-3.234654664993286133e-02
-3.085537813603878021e-02
-1.164469867944717407e-01
-2.818410284817218781e-02
-9.640728682279586792e-02
-1.147507131099700928e-01
-2.745218202471733093e-02
-2.755784615874290466e-02
-2.809794433414936066e-02
-8.709333837032318115e-02
-1.117166206240653992e-01
-7.969611883163452148e-02
-3.294007852673530579e-02
-7.795073091983795166e-02
-9.872971475124359131e-02
-9.313902258872985840e-02
-1.299391239881515503e-01
-4.371576011180877686e-02
-1.228000670671463013e-01
-1.240207776427268982e-01
-1.252111941576004028e-01
-1.163395568728446960e-01
-1.236273944377899170e-01
-4.800634831190109253e-02
-5.066147446632385254e-02
-2.205152064561843872e-01
-7.134518027305603027e-02
-1.098940372467041016e-01
-1.372788995504379272e-01
-1.454360336065292358e-01
-5.282103270292282104e-02
-1.348753273487091064e-01
-1.437235325574874878e-01
-4.081898033618927002e-01
-3.694547712802886963e-01
-3.037387132644653320e-01
-2.271983325481414795e-01
-1.664194166660308838e-01
-1.854340434074401855e-01
-1.031424701213836670e-01
5.800877138972282410e-02
-2.149110436439514160e-01
-1.469366401433944702e-01
-5.910607427358627319e-02
-1.192763298749923706e-01
-5.744488537311553955e-02
-1.349868029356002808e-01
-1.343743950128555298e-01
-4.573511332273483276e-02
-2.568006217479705811e-01
-1.312613189220428467e-01
-1.301661133766174316e-01
-2.542638480663299561e-01
-2.952529788017272949e-01
-4.414294660091400146e-02
4.021189361810684204e-02
7.923863828182220459e-02
7.620937377214431763e-02
6.745839118957519531e-02
5.745875835418701172e-02
-2.582453787326812744e-01
-6.206651404500007629e-02
7.642538845539093018e-02
6.145510077476501465e-02
-4.341039434075355530e-02
-2.468335479497909546e-01
-2.510727345943450928e-01
-1.680556386709213257e-01
-4.492244869470596313e-02
1.608786135911941528e-01
-2.217965573072433472e-01
-5.054168030619621277e-02
-4.022676125168800354e-02
-6.211735308170318604e-04
2.037513554096221924e-01
-2.024330049753189087e-01
-2.051843330264091492e-02
1.843928396701812744e-01
1.303778588771820068e-02
-1.999320983886718750e-01
1.173580214381217957e-01
7.879205048084259033e-02
-3.334905803203582764e-01
-7.556898891925811768e-02
9.743128716945648193e-02
2.486959099769592285e-01
-7.687408477067947388e-02
-8.516454696655273438e-02
-9.659728407859802246e-02
-1.062660440802574158e-01
-1.110838279128074646e-01
-1.101449579000473022e-01
-7.319544255733489990e-02
-1.618548035621643066e-01
-6.378705799579620361e-02
-1.117872968316078186e-01
1.639092341065406799e-02
-1.315345168113708496e-01
-7.411597669124603271e-02
-5.102576315402984619e-02
8.029219508171081543e-02
-1.806101202964782715e-01
-1.656779646873474121e-01
-3.202418088912963867e-01
-3.219353854656219482e-01
-4.339339211583137512e-02
-3.138566315174102783e-01
1.697826087474822998e-01
-1.571333110332489014e-01
1.848314851522445679e-01
1.934422701597213745e-01
-2.294704020023345947e-01
-2.133497595787048340e-01
5.082162842154502869e-02
1.229787543416023254e-01
1.262359470129013062e-01
-2.273288927972316742e-02
1.678659021854400635e-02
7.225587964057922363e-03
-1.446608453989028931e-03
-3.810804337263107300e-02
-2.003524638712406158e-02
3.323182463645935059e-03
2.226723730564117432e-01
-2.804695628583431244e-02
-2.589003369212150574e-02
2.235295176506042480e-01
9.784046560525894165e-04
2.461999095976352692e-02
-6.783292442560195923e-02
6.101651787757873535e-01
4.216262698173522949e-01
-5.352414771914482117e-02
-8.569209277629852295e-02
-7.239642739295959473e-02
-9.496778994798660278e-02
4.984273761510848999e-02
1.364942193031311035e-01
1.576677709817886353e-02
5.995519459247589111e-03
-8.654437214136123657e-02
-5.668400228023529053e-02
2.880304306745529175e-02
3.505883812904357910e-01
-1.565428525209426880e-01
9.584261476993560791e-02
3.730883896350860596e-01
-1.931479573249816895e-01
1.626538932323455811e-01
2.581171989440917969e-01
-2.337415218353271484e-01
-3.034201264381408691e-01
-3.315862119197845459e-01
8.813440799713134766e-02
-1.766932308673858643e-01
-2.345363795757293701e-02
4.876329302787780762e-01
4.213332831859588623e-01
1.040375232696533203e-02
9.853075444698333740e-02
-7.617000490427017212e-02
6.668134778738021851e-02
5.406070500612258911e-02
-1.953834891319274902e-01
1.962039768695831299e-01
-8.835658431053161621e-03
3.552809357643127441e-02
-2.299126237630844116e-01
7.491814345121383667e-02
7.646374404430389404e-02
-2.770761214196681976e-02
-1.333771795034408569e-01
-7.440039515495300293e-02
-5.363003537058830261e-02
-5.881575495004653931e-02
-2.025279402732849121e-01
2.469659149646759033e-01
-3.034152090549468994e-01
3.717150092124938965e-01
8.468255400657653809e-04
2.448260337114334106e-01
-1.377627253532409668e-01
8.765289187431335449e-02
-2.053179293870925903e-01
-3.853911161422729492e-02
1.523460149765014648e-01
2.054682075977325439e-01
6.263157725334167480e-02
-1.608652174472808838e-01
9.665074199438095093e-02
1.158446073532104492e-01
-7.121942192316055298e-02
-7.928474247455596924e-02
9.863568097352981567e-02
1.019166186451911926e-01
1.293086111545562744e-01
1.144112944602966309e-01
1.077702194452285767e-01
-6.049177795648574829e-02
1.167647168040275574e-01
1.350779235363006592e-01
1.696717143058776855e-01
9.009284526109695435e-02
8.405826240777969360e-02
3.624108433723449707e-02
-9.316515177488327026e-03
8.564068377017974854e-02
1.040878817439079285e-01
1.689667552709579468e-01
-7.389940321445465088e-02
1.141644045710563660e-01
-9.056185930967330933e-02
1.779177188873291016e-01
1.537640988826751709e-01
-9.336753934621810913e-02
8.084139227867126465e-02
1.565344333648681641e-01
-2.624183893203735352e-01
-1.233126819133758545e-01
1.078403815627098083e-01
9.386155009269714355e-02
1.107694506645202637e-01
-1.758862435817718506e-01
5.231586098670959473e-02
5.138606950640678406e-02
-4.056552946567535400e-01
-1.186665296554565430e-01
1.751472651958465576e-01
-2.970564365386962891e-01
1.716372072696685791e-01
-1.342571377754211426e-01
-1.151378899812698364e-01
1.129224300384521484e-01
-1.553197205066680908e-01
-1.052912175655364990e-01
-1.263033896684646606e-01
-5.083686672151088715e-03
-5.293676629662513733e-03
-3.933074697852134705e-02
-4.628528654575347900e-02
-1.481082290410995483e-03
-1.446483470499515533e-02
6.013064458966255188e-02
1.147172600030899048e-02
-4.195467010140419006e-02
-3.113281354308128357e-02
1.003907993435859680e-01
-5.289024114608764648e-02
3.859021514654159546e-02
-4.779162257909774780e-02
2.687494754791259766e-01
2.592905461788177490e-01
6.069676578044891357e-02
7.774807512760162354e-02
8.013387024402618408e-02
6.907486170530319214e-02
-1.806860566139221191e-01
3.588093072175979614e-02
-4.941039532423019409e-02
1.372595876455307007e-01
-8.494962006807327271e-02
2.622429430484771729e-01
1.119046062231063843e-01
8.213970065116882324e-02
-1.735525876283645630e-01
1.273276209831237793e-01
-2.740656137466430664e-01
-2.558585405349731445e-01
2.985401153564453125e-01
2.958301305770874023e-01
1.974861770868301392e-01
1.215474605560302734e-01
1.018691807985305786e-01
9.475509077310562134e-02
-5.575837939977645874e-02
-5.558871850371360779e-02
-5.188476294279098511e-02
-5.192905664443969727e-02
-5.168128013610839844e-02
-6.319570541381835938e-02
-5.871044471859931946e-02
-7.199526578187942505e-02
-7.235560566186904907e-02
-5.228783562779426575e-02
-8.813437819480895996e-02
-8.776554465293884277e-02
-4.778937995433807373e-02
-8.624815940856933594e-02
-5.845583975315093994e-02
-8.694870024919509888e-02
-6.050766259431838989e-02
-9.238906204700469971e-02
-5.415955185890197754e-02
-9.745886176824569702e-02
-8.101003617048263550e-02
-7.068976014852523804e-02
-1.030462980270385742e-01
-5.883085727691650391e-02
-9.215620160102844238e-02
-8.141451328992843628e-02
-6.584195792675018311e-02
-9.615249186754226685e-02
-8.573369681835174561e-02
-7.675234973430633545e-02
-1.058843582868576050e-01
-9.147802740335464478e-02
-4.140453413128852844e-02
-1.035941317677497864e-01
-8.313227444887161255e-02
-1.052832528948783875e-01
-9.013875573873519897e-02
-4.856796935200691223e-02
-1.098106801509857178e-01
-9.222526848316192627e-02
-4.057139158248901367e-02
-1.189081817865371704e-01
-4.454779997467994690e-02
-1.059727221727371216e-01
-1.181440353393554688e-01
-4.579964280128479004e-02
-1.174374967813491821e-01
-3.585390374064445496e-02
-5.486484244465827942e-02
-1.187967061996459961e-01
-1.184898018836975098e-01
-5.126985535025596619e-02
-1.092847138643264771e-01
-1.219532489776611328e-01
-1.000462099909782410e-01
-1.183692663908004761e-01
-1.215389072895050049e-01
-4.239939898252487183e-02
-7.383089512586593628e-02
-1.236867904663085938e-01
-1.165141314268112183e-01
-8.460316061973571777e-02
-5.522587895393371582e-02
-1.233205348253250122e-01
-1.144238710403442383e-01
-1.026486977934837341e-01
-7.240732014179229736e-02
-1.253349334001541138e-01
-1.248454898595809937e-01
-3.590480238199234009e-02
-1.001627221703529358e-01
-1.228280216455459595e-01
-1.126701682806015015e-01
-5.400032922625541687e-02
-9.055317938327789307e-02
-7.078856229782104492e-02
-1.266039609909057617e-01
-1.079340428113937378e-01
-1.186748817563056946e-01
-1.058277562260627747e-01
-1.234355941414833069e-01
-1.249116212129592896e-01
-4.143518954515457153e-02
-1.003966033458709717e-01
-7.084508985280990601e-02
-1.265551894903182983e-01
-7.142497599124908447e-02
-9.710553288459777832e-02
-8.002804219722747803e-02
-1.279863119125366211e-01
-9.990827739238739014e-02
-4.144867509603500366e-02
-1.115415692329406738e-01
-1.260083615779876709e-01
-9.792708605527877808e-02
-5.906834825873374939e-02
-1.058500483632087708e-01
-7.885508239269256592e-02
-1.287158280611038208e-01
-7.147210836410522461e-02
-3.327998518943786621e-02
-1.152312904596328735e-01
-1.284153610467910767e-01
-9.185303002595901489e-02
-6.376867741346359253e-02
-1.254381835460662842e-01
-1.049661114811897278e-01
-1.279962956905364990e-01
-1.164533272385597229e-01
-5.923605710268020630e-02
-1.260295510292053223e-01
-1.192343682050704956e-01
-1.280294954776763916e-01
-9.044209867715835571e-02
-7.135607302188873291e-02
-4.084998369216918945e-02
-1.154833361506462097e-01
-9.696202725172042847e-02
-1.199701875448226929e-01
-8.436353504657745361e-02
-5.667072162032127380e-02
-1.270048320293426514e-01
-1.205500066280364990e-01
-1.289311498403549194e-01
-8.866025507450103760e-02
-9.263860434293746948e-02
-6.179570034146308899e-02
-1.150141805410385132e-01
-1.236968189477920532e-01
-1.232044547796249390e-01
-8.512305468320846558e-02
-9.894844889640808105e-02
-4.947856813669204712e-02
-1.171201467514038086e-01
-1.167229413986206055e-01
-1.177552416920661926e-01
-9.855216741561889648e-02
-1.063516587018966675e-01
-6.880649179220199585e-02
-3.856499493122100830e-02
-1.090368181467056274e-01
-1.254473477602005005e-01
-9.259083867073059082e-02
-9.676098823547363281e-02
-6.957695633172988892e-02
-3.915540501475334167e-02
-1.220943480730056763e-01
-1.150079518556594849e-01
-9.336231648921966553e-02
-1.049107015132904053e-01
-6.104265153408050537e-02
-1.224151775240898132e-01
-1.276051998138427734e-01
-7.249586284160614014e-02
-1.072228401899337769e-01
-8.621061593294143677e-02
-5.385003611445426941e-02
-1.296992003917694092e-01
-1.272364407777786255e-01
-7.036581635475158691e-02
-7.377324998378753662e-02
-6.952507048845291138e-02
-4.750555008649826050e-02
-1.273171752691268921e-01
-1.090938448905944824e-01
-7.997408509254455566e-02
-9.200246632099151611e-02
-6.063791736960411072e-02
-4.762642830610275269e-02
-1.216518953442573547e-01
-7.047560811042785645e-02
-9.818986803293228149e-02
-8.300778269767761230e-02
-6.751039624214172363e-02
-1.291229277849197388e-01
-1.196881011128425598e-01
-7.441791892051696777e-02
-9.528715908527374268e-02
-8.524019271135330200e-02
-6.958384811878204346e-02
-5.485990643501281738e-02
-1.266759186983108521e-01
-1.093400418758392334e-01
-7.753337919712066650e-02
-1.219931691884994507e-01
-8.056937903165817261e-02
-5.742131918668746948e-02
-1.294917315244674683e-01
-1.238818764686584473e-01
-7.098424434661865234e-02
-7.317141443490982056e-02
-8.887439966201782227e-02
-6.215634942054748535e-02
-1.300997138023376465e-01
-1.151944994926452637e-01
-7.126568257808685303e-02
-8.609963953495025635e-02
-1.036116257309913635e-01
-8.032067120075225830e-02
-6.760729849338531494e-02
-1.329276114702224731e-01
-1.114764511585235596e-01
-7.648980617523193359e-02
-6.905841827392578125e-02
-1.036772727966308594e-01
-7.004322856664657593e-02
-1.279597580432891846e-01
-1.322399526834487915e-01
-9.839646518230438232e-02
-8.157144486904144287e-02
-6.530440598726272583e-02
-1.212396323680877686e-01
-9.010521322488784790e-02
-1.347184926271438599e-01
-1.329641640186309814e-01
-1.210873723030090332e-01
-8.065004646778106689e-02
-7.485365867614746094e-02
-1.316164731979370117e-01
-1.080411225557327271e-01
-6.732899695634841919e-02
-1.243084222078323364e-01
-1.374693959951400757e-01
-1.103786975145339966e-01
-8.622850477695465088e-02
-6.336402893066406250e-02
-1.282626688480377197e-01
-1.058566868305206299e-01
-6.423251330852508545e-02
-1.264785677194595337e-01
-1.377029567956924438e-01
-1.037529930472373962e-01
-9.281572699546813965e-02
-5.213296413421630859e-02
-1.356098502874374390e-01
-1.009681522846221924e-01
-8.232179284095764160e-02
-1.292713582515716553e-01
-1.382853835821151733e-01
-1.067708805203437805e-01
-9.747707843780517578e-02
-5.344049632549285889e-02
-1.373201757669448853e-01
-1.031574234366416931e-01
-8.591240644454956055e-02
-1.262862235307693481e-01
-1.391704529523849487e-01
-1.119199022650718689e-01
-1.015267968177795410e-01
-6.258900463581085205e-02
-1.347703039646148682e-01
-1.167523935437202454e-01
-8.759674429893493652e-02
-6.047082692384719849e-02
-1.398694217205047607e-01
-1.258916556835174561e-01
-9.622882306575775146e-02
-1.148663088679313660e-01
-1.363329589366912842e-01
-1.279031336307525635e-01
-1.134185940027236938e-01
-7.265509665012359619e-02
-1.382461339235305786e-01
-1.410578042268753052e-01
-1.185240373015403748e-01
-1.108809858560562134e-01
-1.182973831892013550e-01
-9.754650294780731201e-02
-1.328229010105133057e-01
-1.105170473456382751e-01
-8.402311056852340698e-02
-6.492391973733901978e-02
-1.419423967599868774e-01
-1.284933239221572876e-01
-8.802683651447296143e-02
-1.184019446372985840e-01
-2.228295952081680298e-01
-1.309609562158584595e-01
-1.186133474111557007e-01
-8.712741732597351074e-02
-1.395704001188278198e-01
-1.418511420488357544e-01
-1.275940239429473877e-01
-1.228370591998100281e-01
-1.303310394287109375e-01
-1.436022371053695679e-01
-1.310376226902008057e-01
-1.159507483243942261e-01
-8.817894756793975830e-02
-1.347159892320632935e-01
-1.449614316225051880e-01
-1.468080729246139526e-01
-1.343824863433837891e-01
-3.324361443519592285e-01
-1.408638209104537964e-01
-1.234371513128280640e-01
-1.097292378544807434e-01
-7.153826951980590820e-02
-1.361748278141021729e-01
-1.458565294742584229e-01
-1.211248934268951416e-01
-3.692334890365600586e-01
-1.407644003629684448e-01
-1.217639297246932983e-01
-1.113610118627548218e-01
-6.671718508005142212e-02
-1.434205323457717896e-01
-1.614347249269485474e-01
-1.555639356374740601e-01
-3.555935621261596680e-01
-1.215044781565666199e-01
-1.166277229785919189e-01
-7.792913913726806641e-02
-1.434097588062286377e-01
-1.472799330949783325e-01
-1.406547725200653076e-01
-1.708547174930572510e-01
-1.471794396638870239e-01
-1.319665908813476562e-01
-1.127390563488006592e-01
-1.445058733224868774e-01
-1.493769884109497070e-01
-1.745906770229339600e-01
-1.739315837621688843e-01
-1.483891606330871582e-01
-1.353962868452072144e-01
-1.109986901283264160e-01
-1.500713825225830078e-01
-1.489908397197723389e-01
-2.592340111732482910e-01
-1.892445385456085205e-01
-1.482849717140197754e-01
-1.308710426092147827e-01
-1.230202317237854004e-01
-7.258097082376480103e-02
-1.527504771947860718e-01
-1.562581360340118408e-01
-1.902028769254684448e-01
-1.542729735374450684e-01
-1.335876733064651489e-01
-1.252717822790145874e-01
-7.074384391307830811e-02
-1.580443531274795532e-01
-2.061086446046829224e-01
-1.990039944648742676e-01
-7.261596620082855225e-02
-1.347619891166687012e-01
-1.351764202117919922e-01
-8.958787471055984497e-02
-1.756792962551116943e-01
-1.596029698848724365e-01
-2.310637980699539185e-01
-1.141180396080017090e-01
-1.566776633262634277e-01
-1.380342543125152588e-01
-1.181897893548011780e-01
-7.976409047842025757e-02
-1.635871231555938721e-01
-2.150592058897018433e-01
-2.168987691402435303e-01
8.781782537698745728e-02
-1.502581834793090820e-01
-1.413198262453079224e-01
-1.203845664858818054e-01
-6.073446199297904968e-02
-1.609537005424499512e-01
-1.724467277526855469e-01
-2.515413463115692139e-01
-2.239533662796020508e-01
1.097586005926132202e-02
-1.600408852100372314e-01
-1.407224535942077637e-01
-1.392158418893814087e-01
-1.053814440965652466e-01
-7.708904147148132324e-02
-1.960624754428863525e-01
-1.678745597600936890e-01
-2.707578539848327637e-01
-2.314420044422149658e-01
-5.481316149234771729e-02
-1.533467769622802734e-01
-1.436651647090911865e-01
-1.349244862794876099e-01
-1.144571974873542786e-01
-7.922267168760299683e-02
-1.813728660345077515e-01
-1.777261197566986084e-01
-2.207181602716445923e-01
-2.383994162082672119e-01
7.623183727264404297e-02
-1.733394712209701538e-01
-1.410151124000549316e-01
-1.341306865215301514e-01
-1.339115202426910400e-01
-6.841424852609634399e-02
-3.855684399604797363e-02
-1.907723993062973022e-01
-1.883167326450347900e-01
-2.730408608913421631e-01
-2.423544824123382568e-01
-1.360418498516082764e-01
-1.666809320449829102e-01
-1.447402685880661011e-01
-1.343107670545578003e-01
-1.342749148607254028e-01
-1.107990145683288574e-01
-3.751080483198165894e-02
-1.907470524311065674e-01
-1.941973417997360229e-01
-2.219677567481994629e-01
-2.400899827480316162e-01
-4.346590489149093628e-02
-1.672383099794387817e-01
-1.452098190784454346e-01
-1.443067938089370728e-01
-1.343285590410232544e-01
-6.765390187501907349e-02
-3.546819090843200684e-02
-2.038196176290512085e-01
-2.193642109632492065e-01
-2.258401215076446533e-01
-2.322575747966766357e-01
1.063625589013099670e-01
-1.607478111982345581e-01
-1.425322145223617554e-01
-1.346681118011474609e-01
-1.090442016720771790e-01
-6.614340096712112427e-02
-2.052173614501953125e-01
-2.109840512275695801e-01
-2.229721248149871826e-01
-2.272073626518249512e-01
1.595796495676040649e-01
-1.835612505674362183e-01
-1.445587128400802612e-01
-1.433244794607162476e-01
-1.341991871595382690e-01
-5.454377830028533936e-02
-2.073119580745697021e-01
-2.153316736221313477e-01
-2.214056700468063354e-01
-2.193691730499267578e-01
1.343092173337936401e-01
-1.819559335708618164e-01
-1.487654745578765869e-01
-1.428163796663284302e-01
-1.323694437742233276e-01
-7.061890512704849243e-02
-2.161066830158233643e-01
-2.159469127655029297e-01
-2.129396796226501465e-01
-2.788775265216827393e-01
-5.441267043352127075e-02
-4.775933921337127686e-02
-1.471985876560211182e-01
-1.349054127931594849e-01
-1.338985264301300049e-01
-8.360470831394195557e-02
-3.861032798886299133e-02
-2.182115912437438965e-01
-2.141646444797515869e-01
-4.529993236064910889e-02
-1.929917931556701660e-01
1.164695769548416138e-01
-4.905009269714355469e-02
-1.503479480743408203e-01
-1.408960223197937012e-01
-1.321424543857574463e-01
-6.572304666042327881e-02
-4.263513907790184021e-02
-2.150066494941711426e-01
-2.127941250801086426e-01
-5.713484808802604675e-02
-2.284206151962280273e-01
1.438210010528564453e-01
-2.013919055461883545e-01
-1.442648470401763916e-01
-1.283004581928253174e-01
-1.174376085400581360e-01
-4.733287915587425232e-02
-2.385278642177581787e-01
-2.170773446559906006e-01
-2.096544802188873291e-01
9.192474186420440674e-02
-1.905216872692108154e-01
1.053075492382049561e-01
-2.023116052150726318e-01
-1.531621813774108887e-01
-1.404365599155426025e-01
-9.595798701047897339e-02
-4.750672727823257446e-02
-4.458519071340560913e-02
-2.215110659599304199e-01
-2.394599914550781250e-01
-8.575282990932464600e-02
-1.013158708810806274e-01
8.430902659893035889e-02
-2.410962618887424469e-02
-1.617075204849243164e-01
-1.420951187610626221e-01
-1.236141920089721680e-01
-4.988813772797584534e-02
-4.626561701297760010e-02
-2.526802122592926025e-01
-2.488681077957153320e-01
-2.094264924526214600e-01
-2.259503602981567383e-01
-1.753725484013557434e-02
-2.448655664920806885e-02
-2.436240315437316895e-01
-1.335428059101104736e-01
-1.192425936460494995e-01
-9.686319530010223389e-02
-4.338222742080688477e-02
-4.722779989242553711e-02
-2.229760140180587769e-01
-2.176769673824310303e-01
1.454502046108245850e-01
-2.183973491191864014e-01
-2.404885366559028625e-02
-5.533955525606870651e-03
-1.599224954843521118e-01
-1.273506283760070801e-01
-1.173308640718460083e-01
-1.158215105533599854e-01
-4.572444781661033630e-02
-4.744281619787216187e-02
-2.300009727478027344e-01
-2.275641411542892456e-01
1.295141577720642090e-01
4.365358501672744751e-02
2.766242250800132751e-03
-2.111745327711105347e-01
-1.514663398265838623e-01
-1.131869331002235413e-01
-1.205508336424827576e-01
-9.626171737909317017e-02
-4.617138952016830444e-02
-2.624828517436981201e-01
-2.319768667221069336e-01
8.966480195522308350e-02
-2.312326133251190186e-01
-2.861450053751468658e-02
8.015323430299758911e-03
-1.779647469520568848e-01
-1.390710473060607910e-01
-1.107040718197822571e-01
-1.085061132907867432e-01
-4.519467055797576904e-02
-4.973055422306060791e-02
-2.472895383834838867e-01
-2.693069875240325928e-01
-2.751378417015075684e-01
-9.086403995752334595e-02
1.544869504868984222e-02
-2.106183469295501709e-01
-1.411969065666198730e-01
-1.055322661995887756e-01
-1.235713213682174683e-01
-5.049925297498703003e-02
-5.003108829259872437e-02
-2.393613457679748535e-01
-2.703503370285034180e-01
-3.399930521845817566e-02
6.179653108119964600e-02
3.483039140701293945e-02
-2.648003399372100830e-01
-1.373550593852996826e-01
-1.024186015129089355e-01
-1.290008574724197388e-01
-8.161981403827667236e-02
-4.684752970933914185e-02
-2.654262185096740723e-01
-2.854999601840972900e-01
-5.757278762757778168e-03
-1.487916409969329834e-01
4.557433724403381348e-02
-2.660158872604370117e-01
-1.508258283138275146e-01
-8.871980011463165283e-02
-1.277702152729034424e-01
-8.169354498386383057e-02
-4.939878731966018677e-02
-2.497294247150421143e-01
-2.262474223971366882e-02
-1.624524742364883423e-01
-6.739389151334762573e-03
-2.637728452682495117e-01
-1.402410715818405151e-01
-1.017803624272346497e-01
-1.259816586971282959e-01
-8.668164908885955811e-02
-5.221570655703544617e-02
-2.623707056045532227e-01
-3.566358983516693115e-02
-1.742767095565795898e-01
7.330806553363800049e-02
-2.387387156486511230e-01
-1.512707173824310303e-01
-9.380623698234558105e-02
-1.232471764087677002e-01
-8.679701387882232666e-02
-2.658374011516571045e-01
-2.693042457103729248e-01
-3.530764952301979065e-02
-4.792980849742889404e-02
8.785236626863479614e-02
-2.222240567207336426e-01
-1.187885254621505737e-01
-7.858407497406005859e-02
-1.220640838146209717e-01
-8.130440115928649902e-02
-2.667645514011383057e-01
-3.241847455501556396e-01
-1.840284764766693115e-01
-1.075739786028862000e-02
1.236614026129245758e-02
-1.703042089939117432e-01
-7.817253470420837402e-02
-7.918992638587951660e-02
-1.155648157000541687e-01
-4.917959868907928467e-02
-2.682536542415618896e-01
-3.331252634525299072e-01
-1.710631847381591797e-01
-1.647386699914932251e-02
-2.819881588220596313e-02
-2.419279515743255615e-01
-1.197994649410247803e-01
-8.291301876306533813e-02
-1.139022558927536011e-01
-4.987704753875732422e-02
-2.576371431350708008e-01
-3.322004377841949463e-01
3.776293992996215820e-02
-2.159375697374343872e-02
-3.211378678679466248e-02
-2.476924061775207520e-01
-2.146355211734771729e-01
-7.870443165302276611e-02
-1.090614274144172668e-01
-5.200860649347305298e-02
-2.759944498538970947e-01
1.401277929544448853e-01
-1.472843140363693237e-01
-3.243729844689369202e-02
-5.783914402127265930e-02
-2.553262412548065186e-01
-2.361528426408767700e-01
-7.071261107921600342e-02
-1.088830381631851196e-01
-4.680820181965827942e-02
-2.541484236717224121e-01
-3.138477206230163574e-01
-1.927136629819869995e-02
-7.240535318851470947e-02
1.240457296371459961e-01
-2.151862531900405884e-01
-1.492567956447601318e-01
-1.241608113050460815e-01
-1.098197922110557556e-01
-6.667000055313110352e-02
-2.457069754600524902e-01
-2.785792946815490723e-01
1.560189574956893921e-01
1.554149389266967773e-01
-3.185381367802619934e-02
9.496273100376129150e-02
-1.806292980909347534e-01
-2.389207184314727783e-01
-8.238629996776580811e-02
-1.070325076580047607e-01
-5.141718685626983643e-02
-2.965186238288879395e-01
-2.435364425182342529e-01
-9.032021462917327881e-02
-8.336260914802551270e-03
-1.563343405723571777e-02
1.311592459678649902e-01
-1.582517325878143311e-01
-8.560025691986083984e-02
-6.049823015928268433e-02
-4.940193891525268555e-02
-2.388848513364791870e-01
-2.357614785432815552e-01
1.744663417339324951e-01
1.475887000560760498e-01
-1.021870970726013184e-02
1.642484962940216064e-02
-1.838690936565399170e-01
-1.051804870367050171e-01
-5.560953915119171143e-02
-7.578774541616439819e-02
-2.208517491817474365e-01
-2.623731493949890137e-01
-1.342442184686660767e-01
1.352306753396987915e-01
-9.505636990070343018e-03
-3.172209858894348145e-02
-1.617892533540725708e-01
-1.034370213747024536e-01
-1.017971113324165344e-01
-5.397243797779083252e-02
-2.205398529767990112e-01
-2.578013837337493896e-01
-1.594071537256240845e-01
1.874919533729553223e-01
1.347915083169937134e-02
3.239932283759117126e-02
1.646826863288879395e-01
-2.459258735179901123e-01
-5.690954625606536865e-02
-7.732482254505157471e-02
-3.975240886211395264e-02
-2.132896929979324341e-01
-2.142687588930130005e-01
1.088802665472030640e-01
3.799652308225631714e-02
-1.395957171916961670e-02
1.820511370897293091e-01
-8.581988513469696045e-02
-4.723321646451950073e-02
-7.882749289274215698e-02
-3.453742712736129761e-02
-2.038722038269042969e-01
-2.019887417554855347e-01
6.731122732162475586e-02
3.000972419977188110e-02
-3.924466669559478760e-03
-1.254842877388000488e-01
-2.030148208141326904e-01
-8.222723752260208130e-02
-9.333489835262298584e-02
-3.212808817625045776e-02
-1.719789206981658936e-01
-1.498919874429702759e-01
4.490047693252563477e-03
2.022863179445266724e-01
-5.920159071683883667e-02
1.011391654610633850e-01
-1.555017232894897461e-01
-6.218559294939041138e-02
-1.021691262722015381e-01
-3.869108855724334717e-02
-1.618452370166778564e-01
-1.888920664787292480e-01
-1.033300906419754028e-02
6.138733774423599243e-02
-1.901509165763854980e-01
1.939719617366790771e-01
-1.646440327167510986e-01
-1.478108018636703491e-01
-2.533093094825744629e-03
-1.021018475294113159e-01
-2.664525620639324188e-02
-1.760252267122268677e-01
-1.043834537267684937e-02
6.039400771260261536e-02
5.829933658242225647e-02
2.846232354640960693e-01
2.533262372016906738e-01
-2.383941411972045898e-01
-1.425171457231044769e-02
1.574527844786643982e-02
-1.006732732057571411e-01
-1.520978957414627075e-01
-1.574950218200683594e-01
2.618412673473358154e-02
1.381416320800781250e-01
8.039514720439910889e-02
2.078397870063781738e-01
2.212805300951004028e-01
-2.263539433479309082e-01
5.777910351753234863e-03
3.705440461635589600e-02
-1.033608838915824890e-01
-2.435662783682346344e-02
-1.623269617557525635e-01
-1.548946201801300049e-01
-5.683677643537521362e-02
9.165883064270019531e-02
-1.706017404794692993e-01
1.894337534904479980e-01
-1.453439295291900635e-01
-1.009258180856704712e-01
-6.728693842887878418e-02
-6.078899651765823364e-02
-5.723865330219268799e-02
-1.545833796262741089e-01
-1.295551657676696777e-01
9.372007101774215698e-02
8.645967394113540649e-02
8.790197968482971191e-02
2.372058033943176270e-01
-3.226078674197196960e-02
-2.079305350780487061e-01
-1.530725210905075073e-01
5.727494508028030396e-02
-8.855095505714416504e-02
-2.591316029429435730e-02
-1.453936249017715454e-01
-1.414057016372680664e-01
1.155184209346771240e-01
9.763643145561218262e-02
1.492902040481567383e-01
3.307051658630371094e-01
-1.503427177667617798e-01
-1.964605897665023804e-01
6.098341196775436401e-03
5.637129768729209900e-02
-9.422512352466583252e-02
-1.496380269527435303e-01
-4.486425966024398804e-02
8.885800838470458984e-02
9.901679307222366333e-02
1.010672748088836670e-01
-1.321315467357635498e-01
-1.169475913047790527e-01
-2.003435790538787842e-01
-1.347152441740036011e-01
5.211918428540229797e-02
-1.057637482881546021e-01
-9.850054979324340820e-02
-8.300542086362838745e-02
7.934559881687164307e-02
-3.067832440137863159e-03
9.593006223440170288e-02
1.444127261638641357e-01
-1.526369154453277588e-01
-8.688072860240936279e-02
-1.756007373332977295e-01
-4.354217648506164551e-02
5.079589411616325378e-02
-4.677458480000495911e-02
-1.413615792989730835e-01
-1.112663894891738892e-01
1.368178725242614746e-01
1.701564192771911621e-01
1.612920165061950684e-01
3.013778328895568848e-01
-1.016058698296546936e-01
-1.880609095096588135e-01
-1.594537943601608276e-01
1.196761801838874817e-01
-1.039934903383255005e-01
-1.132203489542007446e-01
-9.968921542167663574e-03
9.648176282644271851e-02
9.257368743419647217e-02
1.075890734791755676e-01
2.509598731994628906e-01
-2.741665244102478027e-01
-7.515180110931396484e-02
-1.719099432229995728e-01
-1.178649663925170898e-01
1.245968118309974670e-01
-1.076675206422805786e-01
-1.439954489469528198e-01
-6.888072937726974487e-02
5.663322657346725464e-02
9.210448712110519409e-02
9.791269898414611816e-02
1.173686981201171875e-01
-7.554620504379272461e-03
-9.544852375984191895e-02
-1.710381954908370972e-01
-1.659677177667617798e-01
1.428499370813369751e-01
-9.496903419494628906e-02
-1.512032598257064819e-01
6.150160729885101318e-02
1.221130043268203735e-01
8.812129497528076172e-02
1.253828108310699463e-01
2.472548931837081909e-02
-7.462365925312042236e-02
-7.586549222469329834e-02
-1.978237330913543701e-01
-1.120379120111465454e-01
1.341505199670791626e-01
-5.389040336012840271e-02
-9.166061878204345703e-03
8.536283671855926514e-02
-4.058092087507247925e-02
1.321367472410202026e-01
1.256984323263168335e-01
-3.545239865779876709e-01
-1.139451339840888977e-01
-1.196446195244789124e-01
-1.598760783672332764e-01
8.537732809782028198e-02
-1.052492782473564148e-01
-1.366130709648132324e-01
7.113331556320190430e-02
-6.027705967426300049e-02
8.282195776700973511e-02
1.046993955969810486e-01
2.973374724388122559e-02
3.090739250183105469e-03
-7.048343867063522339e-02
-1.020788997411727905e-01
-2.284068800508975983e-02
2.086240053176879883e-01
8.275157213211059570e-02
7.936809211969375610e-02
9.277236461639404297e-02
-7.769565284252166748e-02
9.975522011518478394e-02
5.374395102262496948e-02
-8.210390806198120117e-03
-5.542287975549697876e-02
-1.083836928009986877e-01
-1.889070272445678711e-01
1.865803301334381104e-01
-1.715890467166900635e-01
3.057546541094779968e-02
-4.471524804830551147e-02
-7.415644824504852295e-02
1.116176545619964600e-01
-4.469642415642738342e-02
-4.122245311737060547e-02
-9.511381387710571289e-02
-6.348274648189544678e-02
-1.482000946998596191e-01
2.517188489437103271e-01
-1.842151582241058350e-01
8.419793844223022461e-02
7.851722091436386108e-02
-7.257058471441268921e-02
7.243694365024566650e-02
-4.727074205875396729e-01
2.964522540569305420e-01
-8.824143558740615845e-02
-5.030943453311920166e-02
-2.549343705177307129e-01
-1.172865703701972961e-01
-1.195548251271247864e-01
8.265008032321929932e-02
1.094260513782501221e-01
9.411843121051788330e-02
-1.424999982118606567e-01
-6.843182444572448730e-02
-1.786736696958541870e-01
-4.627712815999984741e-02
-2.841396033763885498e-01
-5.053181573748588562e-02
-1.724760830402374268e-01
3.399376571178436279e-02
-6.583934277296066284e-02
9.763548523187637329e-02
-1.480153948068618774e-01
-2.642133235931396484e-01
-2.184632867574691772e-01
-4.620077461004257202e-02
-3.034350574016571045e-01
-4.339541867375373840e-02
-1.617070883512496948e-01
9.547966718673706055e-02
-6.532575935125350952e-02
9.488589316606521606e-02
-3.127245604991912842e-01
-1.095490455627441406e-01
-1.936096251010894775e-01
-4.127729684114456177e-02
-2.939954996109008789e-01
-1.198634505271911621e-01
-7.996818423271179199e-02
7.335298508405685425e-02
5.909751355648040771e-02
-1.177399009466171265e-01
-3.268614411354064941e-01
3.971574306488037109e-01
-1.443635225296020508e-01
-1.818010210990905762e-01
2.483573555946350098e-01
-2.093156427145004272e-01
3.444543853402137756e-02
8.289292454719543457e-02
-6.912259012460708618e-02
-1.389402300119400024e-01
4.160347580909729004e-02
9.961225837469100952e-02
-1.049778610467910767e-01
-1.876200437545776367e-01
1.642577946186065674e-01
-1.348474472761154175e-01
1.096607744693756104e-01
9.121362864971160889e-02
9.615661203861236572e-02
-2.545161843299865723e-01
-9.793615341186523438e-02
-2.418619841337203979e-01
-8.095886558294296265e-02
-3.283344805240631104e-01
-6.960983574390411377e-02
2.897226437926292419e-02
1.084628701210021973e-01
-6.879760324954986572e-02
-1.095851734280586243e-01
3.956117033958435059e-01
3.754777014255523682e-01
-2.021732479333877563e-01
-1.167879700660705566e-01
-4.422402009367942810e-02
1.157141923904418945e-01
1.179101392626762390e-01
-9.407970309257507324e-02
9.795595705509185791e-02
-2.300595343112945557e-01
-8.178851008415222168e-02
-2.606573104858398438e-01
-7.068192213773727417e-02
-2.733654379844665527e-01
1.331486403942108154e-01
5.635226890444755554e-02
1.145521774888038635e-01
-3.755822405219078064e-02
9.952890127897262573e-02
4.460003972053527832e-01
3.094380199909210205e-01
-2.578908503055572510e-01
-1.021199375391006470e-01
-4.180333316326141357e-01
8.296695351600646973e-02
8.166519552469253540e-02
1.031218096613883972e-01
1.031458005309104919e-01
1.061397865414619446e-01
-6.220178306102752686e-02
-4.562320187687873840e-02
-2.684265673160552979e-01
-8.918090164661407471e-02
-3.807852268218994141e-01
-3.012087643146514893e-01
5.864783376455307007e-02
1.178279519081115723e-01
-4.179726168513298035e-02
1.067395582795143127e-01
-8.551224321126937866e-02
-5.681502074003219604e-02
1.242954730987548828e-01
-2.483451217412948608e-01
-8.199178427457809448e-02
-4.360168576240539551e-01
-2.154210954904556274e-01
1.375353038311004639e-01
-5.459808558225631714e-02
-1.135461255908012390e-01
1.181102767586708069e-01
8.443632721900939941e-02
-8.783347904682159424e-03
1.218923404812812805e-01
-2.834578156471252441e-01
-5.181788653135299683e-02
-1.517807096242904663e-01
-8.720945566892623901e-02
8.367390930652618408e-02
1.332711428403854370e-01
-1.251424103975296021e-01
1.235508695244789124e-01
2.985697239637374878e-02
4.059951901435852051e-01
1.091108471155166626e-02
2.658354640007019043e-01
-3.174327909946441650e-01
-6.555391103029251099e-02
-2.810601890087127686e-01
-4.008468389511108398e-01
1.449328064918518066e-01
1.377700269222259521e-01
-1.965338736772537231e-02
-7.834582775831222534e-02
1.261020153760910034e-01
6.431728601455688477e-03
2.635742127895355225e-01
1.880247294902801514e-01
-3.593764305114746094e-01
-2.062759250402450562e-01
-6.724928319454193115e-02
-3.777410686016082764e-01
1.540667116641998291e-01
1.302055418491363525e-01
-2.659489214420318604e-02
-8.577176928520202637e-02
3.121645748615264893e-02
3.747634887695312500e-01
3.204175084829330444e-02
1.200004667043685913e-01
-3.650385141372680664e-01
-6.860784441232681274e-02
-2.086361944675445557e-01
-1.105415448546409607e-01
-8.707983419299125671e-03
3.238879144191741943e-03
-3.260012716054916382e-02
1.537951827049255371e-02
3.757554888725280762e-01
3.848385810852050781e-02
1.718036532402038574e-01
-3.794275522232055664e-01
-1.693319976329803467e-01
-1.399399936199188232e-01
-2.799094468355178833e-02
1.829296350479125977e-03
1.271782815456390381e-02
-3.113450855016708374e-02
1.540661305189132690e-01
3.014180660247802734e-01
1.058198660612106323e-01
9.635820984840393066e-02
-2.894881665706634521e-01
-6.637632846832275391e-02
-1.672240793704986572e-01
1.709684282541275024e-01
1.498561073094606400e-02
2.931765466928482056e-02
-3.240652382373809814e-02
1.543009579181671143e-01
2.866455316543579102e-01
8.724498748779296875e-02
8.155219256877899170e-02
-3.510164916515350342e-01
-5.763641372323036194e-02
-1.902019530534744263e-01
8.416908979415893555e-02
1.903441846370697021e-01
-8.434910327196121216e-02
1.315710991621017456e-01
8.046571165323257446e-02
3.340193629264831543e-01
-1.138097569346427917e-01
1.301935464143753052e-01
-3.592819273471832275e-01
-6.094479560852050781e-02
-2.342841327190399170e-01
1.344843953847885132e-01
1.920636892318725586e-01
-7.791954278945922852e-02
-3.068380802869796753e-02
2.285566329956054688e-01
6.855126470327377319e-02
-1.197628527879714966e-01
8.520158007740974426e-04
-3.435601592063903809e-01
-8.045011758804321289e-02
-1.676092296838760376e-01
1.404655575752258301e-01
2.017058879137039185e-01
-7.087060809135437012e-02
5.904667079448699951e-02
1.504257768392562866e-01
7.175126671791076660e-02
8.677455037832260132e-02
-3.474997282028198242e-01
-3.101388216018676758e-01
-7.456412911415100098e-02
5.509138852357864380e-02
1.023437231779098511e-01
-4.731762409210205078e-02
1.113816648721694946e-01
1.289340853691101074e-01
1.228825747966766357e-01
-1.258860230445861816e-01
1.647953987121582031e-01
-3.587429821491241455e-01
-1.323927789926528931e-01
-7.588458061218261719e-02
1.438286304473876953e-01
2.026914805173873901e-01
-5.218820273876190186e-02
-3.162742406129837036e-02
2.906000018119812012e-01
8.199264854192733765e-02
-3.494240343570709229e-03
-2.549159824848175049e-01
-3.372819125652313232e-01
-1.824629157781600952e-01
-8.358892053365707397e-02
1.629955023527145386e-01
2.139540016651153564e-01
9.472204744815826416e-02
-2.205188572406768799e-02
1.405819356441497803e-01
9.451336413621902466e-02
-7.077686488628387451e-02
-2.040186226367950439e-01
-2.978079319000244141e-01
-1.265916079282760620e-01
-1.251516193151473999e-01
1.852052062749862671e-01
1.022868603467941284e-01
8.341790735721588135e-02
2.703569829463958740e-02
1.719187647104263306e-01
9.239319711923599243e-02
-1.399594247341156006e-01
-2.492209076881408691e-01
-3.085299432277679443e-01
-1.528854072093963623e-01
-5.557344853878021240e-02
2.618632316589355469e-01
2.432975172996520996e-01
6.323432922363281250e-02
-3.094156086444854736e-02
2.424515038728713989e-01
1.187128275632858276e-01
4.345069453120231628e-02
2.824235558509826660e-01
-2.766337096691131592e-01
-1.970427781343460083e-01
-2.161343023180961609e-02
7.231505960226058960e-02
2.238562703132629395e-01
3.630357235670089722e-02
-3.589275479316711426e-02
1.499658524990081787e-01
9.597193449735641479e-02
-1.895133256912231445e-01
-6.075088679790496826e-02
-3.722268342971801758e-02
-2.854571342468261719e-01
-6.514621526002883911e-02
2.973562106490135193e-02
2.461136579513549805e-01
2.918387949466705322e-01
-8.250549435615539551e-03
-2.512714266777038574e-02
1.993032842874526978e-01
1.539314091205596924e-01
-1.678474098443984985e-01
-3.868527710437774658e-02
-1.252155005931854248e-01
-2.154777050018310547e-01
-1.838950216770172119e-01
2.258752882480621338e-01
2.464783787727355957e-01
2.900308072566986084e-01
5.873920768499374390e-02
-1.511335372924804688e-03
1.104400232434272766e-01
1.022554263472557068e-01
2.741285860538482666e-01
-1.468100845813751221e-01
2.779418528079986572e-01
5.813090503215789795e-02
-2.521800398826599121e-01
-2.795725688338279724e-02
2.864125072956085205e-01
3.055073916912078857e-01
1.160659193992614746e-01
1.255910843610763550e-01
6.733255088329315186e-02
1.006195545196533203e-01
3.396496772766113281e-01
-1.442111134529113770e-01
1.075996160507202148e-01
5.028425902128219604e-02
-2.416708767414093018e-01
-4.935807362198829651e-02
3.074246048927307129e-01
3.324604630470275879e-01
4.173516482114791870e-02
-4.708968102931976318e-03
1.334505826234817505e-01
1.076042875647544861e-01
2.202776074409484863e-01
7.314868271350860596e-02
4.582472145557403564e-02
-1.912016123533248901e-01
-6.598923355340957642e-02
3.140833079814910889e-01
3.472943603992462158e-01
1.217848733067512512e-01
3.269840031862258911e-02
9.139831364154815674e-02
3.520517945289611816e-01
-1.374320685863494873e-01
1.017099618911743164e-01
-8.822842687368392944e-02
-1.920543164014816284e-01
3.170570433139801025e-01
3.456450104713439941e-01
7.827635109424591064e-02
8.036449551582336426e-03
8.096846193075180054e-02
9.780247509479522705e-02
1.102242991328239441e-01
1.364683210849761963e-01
1.392738968133926392e-01
-1.858624815940856934e-01
-6.375732272863388062e-02
3.728941977024078369e-01
3.462472558021545410e-01
7.468082010746002197e-02
8.009953796863555908e-02
9.153203666210174561e-02
2.459416687488555908e-01
1.430523246526718140e-01
2.098417282104492188e-01
-1.940057277679443359e-01
-5.754161626100540161e-02
4.057699143886566162e-01
8.842032402753829956e-02
1.818209886550903320e-02
4.063877463340759277e-02
-2.737867087125778198e-02
-3.012225404381752014e-02
1.520656794309616089e-02
-6.443487852811813354e-02
-1.775965839624404907e-01
3.436989784240722656e-01
4.283081889152526855e-01
1.006869822740554810e-01
2.393208444118499756e-02
5.990192294120788574e-03
-2.853307873010635376e-02
1.765944063663482666e-01
1.833653822541236877e-02
-5.254958197474479675e-02
-1.646198034286499023e-01
3.868240118026733398e-01
4.477466046810150146e-01
1.041724532842636108e-01
4.047539830207824707e-02
5.475693941116333008e-02
-1.514631509780883789e-02
4.933308809995651245e-02
1.133406162261962891e-02
-3.326718136668205261e-02
-1.620224416255950928e-01
-9.248249232769012451e-02
4.613645076751708984e-01
5.946533381938934326e-02
9.599195420742034912e-02
5.086901783943176270e-02
-2.370655536651611328e-02
3.554377555847167969e-01
2.014612555503845215e-01
2.171680331230163574e-01
-9.958966076374053955e-02
-1.393488347530364990e-01
4.467743933200836182e-01
2.915059924125671387e-01
1.057141125202178955e-01
2.573947608470916748e-02
9.083285927772521973e-03
2.396000921726226807e-01
1.007766425609588623e-01
-2.106909453868865967e-02
1.314926892518997192e-01
-1.335581243038177490e-01
-1.160503476858139038e-01
4.709624648094177246e-01
2.714110612869262695e-01
9.561522305011749268e-02
3.193080425262451172e-02
2.857823669910430908e-02
4.369573667645454407e-02
-2.598949149250984192e-02
2.194175273180007935e-01
3.252079188823699951e-01
-4.982437193393707275e-02
-1.333879977464675903e-01
1.902479976415634155e-01
2.210128307342529297e-01
3.402806818485260010e-02
8.064252138137817383e-02
-3.403097391128540039e-03
2.616478502750396729e-02
3.161801695823669434e-01
1.101020127534866333e-01
-1.874467730522155762e-02
8.234575390815734863e-02
-1.315815746784210205e-01
-7.545164972543716431e-02
5.078835487365722656e-01
2.535569369792938232e-01
1.004104018211364746e-01
9.676270186901092529e-02
7.654279470443725586e-04
4.092925414443016052e-02
2.857420444488525391e-01
-1.432488486170768738e-02
-2.649137750267982483e-02
2.773399353027343750e-01
-9.245692193508148193e-02
-9.383852034807205200e-02
4.401607811450958252e-01
1.395738720893859863e-01
3.995727002620697021e-02
6.182256340980529785e-02
8.987188339233398438e-02
5.984738469123840332e-03
4.109984040260314941e-01
1.330403089523315430e-01
1.269280165433883667e-02
4.882237911224365234e-01
8.042331039905548096e-02
-1.135764643549919128e-01
5.243355631828308105e-01
2.594441473484039307e-01
2.602131664752960205e-02
2.569349110126495361e-02
8.810923993587493896e-02
2.421366423368453979e-02
1.052466183900833130e-01
2.472060024738311768e-01
-1.302165817469358444e-02
-3.645429760217666626e-02
1.711888760328292847e-01
-1.019645780324935913e-01
5.388296842575073242e-01
3.900273442268371582e-01
1.934441030025482178e-01
-3.814056515693664551e-03
5.726101994514465332e-02
7.733093202114105225e-02
1.894557476043701172e-02
3.846665620803833008e-01
2.068500220775604248e-01
1.697872132062911987e-01
5.104705095291137695e-01
4.177432879805564880e-02
-9.598712623119354248e-02
3.184843063354492188e-02
1.361858099699020386e-01
2.298226952552795410e-02
1.143574714660644531e-03
9.691390395164489746e-02
7.928773760795593262e-02
1.800734698772430420e-01
3.615453541278839111e-01
-2.042933367192745209e-02
6.239223480224609375e-01
2.130798697471618652e-01
-9.324331581592559814e-02
4.227333366870880127e-01
2.451235949993133545e-01
5.351321399211883545e-02
-9.261533617973327637e-03
5.203971266746520996e-02
9.499254822731018066e-02
8.049417287111282349e-02
3.056009113788604736e-01
5.323276668787002563e-02
-4.977055266499519348e-02
3.554898202419281006e-01
-3.264256939291954041e-02
4.209797978401184082e-01
1.440308392047882080e-01
1.918525993824005127e-02
4.055055975914001465e-02
5.834469199180603027e-02
1.235914528369903564e-01
2.252291440963745117e-01
3.153597712516784668e-01
-3.225523745641112328e-03
6.354175209999084473e-01
1.159058734774589539e-01
-8.855982124805450439e-02
2.181215584278106689e-01
3.383010625839233398e-02
-9.111836552619934082e-03
3.954356908798217773e-02
9.150135517120361328e-02
1.477620899677276611e-01
2.910098433494567871e-01
8.411730080842971802e-02
-5.749904364347457886e-02
3.675087690353393555e-01
-2.752082236111164093e-02
1.406432688236236572e-02
-1.233705878257751465e-02
8.365805447101593018e-02
-7.160335779190063477e-03
9.327845275402069092e-02
1.169445589184761047e-01
2.577108442783355713e-01
9.581230580806732178e-02
-2.470514923334121704e-02
2.637171745300292969e-01
-2.660251967608928680e-02
6.193236261606216431e-02
-2.026110142469406128e-02
8.545574545860290527e-02
-2.228073775768280029e-02
9.212553501129150391e-02
1.397857367992401123e-01
2.294087707996368408e-01
3.112602531909942627e-01
-6.265343632549047470e-03
6.722120046615600586e-01
1.052724421024322510e-01
4.235178232192993164e-02
-5.003263801336288452e-02
7.282568514347076416e-02
-6.780505180358886719e-03
8.751228451728820801e-03
2.582634687423706055e-01
2.835172116756439209e-01
1.320450603961944580e-01
1.039715483784675598e-01
-2.660757303237915039e-02
5.793690085411071777e-01
1.100925058126449585e-01
5.218446254730224609e-02
-6.266112625598907471e-02
6.674973666667938232e-02
1.792895048856735229e-02
1.146881282329559326e-02
2.378478646278381348e-01
3.222339451313018799e-01
4.013930559158325195e-01
7.426868379116058350e-02
-3.511907905340194702e-02
5.650486946105957031e-01
5.907637625932693481e-02
6.069099903106689453e-02
-1.559367179870605469e-01
8.400067687034606934e-02
-3.447337448596954346e-02
1.073388755321502686e-02
2.206631153821945190e-01
3.687173128128051758e-01
4.077203273773193359e-01
9.403306245803833008e-02
-6.086575984954833984e-02
6.480258107185363770e-01
9.426113218069076538e-02
6.785793602466583252e-02
-2.170040756464004517e-01
8.593545854091644287e-02
-3.318361192941665649e-02
3.932262957096099854e-02
2.413225322961807251e-01
3.909220099449157715e-01
1.302308887243270874e-01
4.825749993324279785e-02
-8.782584220170974731e-02
6.486235260963439941e-01
1.403460502624511719e-01
7.377810776233673096e-02
-3.103855252265930176e-01
8.422222733497619629e-02
-1.787132769823074341e-02
5.693444609642028809e-02
2.877787649631500244e-01
5.952861905097961426e-02
1.261342763900756836e-01
5.022496357560157776e-02
-8.607279509305953979e-02
6.194434165954589844e-01
1.682902723550796509e-01
8.940003812313079834e-02
-2.977540194988250732e-01
8.054304122924804688e-02
-4.616446793079376221e-02
5.221581459045410156e-02
2.617246508598327637e-01
3.961435705423355103e-02
1.232676506042480469e-01
5.673385411500930786e-02
-1.031811013817787170e-01
6.046474575996398926e-01
2.147478163242340088e-01
-3.047446012496948242e-01
-5.996927618980407715e-03
8.551268279552459717e-02
-4.892289638519287109e-02
3.972221910953521729e-02
3.180959224700927734e-01
3.189615905284881592e-01
1.230919659137725830e-01
1.193877533078193665e-01
-1.133718937635421753e-01
2.716460525989532471e-01
5.286161303520202637e-01
8.831728994846343994e-02
1.065181940793991089e-01
7.727201282978057861e-02
7.344250380992889404e-02
-4.093119502067565918e-02
3.238096237182617188e-01
3.386312723159790039e-01
2.821359336376190186e-01
1.190608367323875427e-01
1.146495565772056580e-01
-1.255939751863479614e-01
9.189300239086151123e-02
5.383681654930114746e-01
1.113400459289550781e-01
9.742309153079986572e-02
-2.728307247161865234e-01
3.982611000537872314e-02
-5.072173476219177246e-02
2.245044708251953125e-02
3.110538423061370850e-01
1.835546195507049561e-01
1.197873055934906006e-01
1.266588270664215088e-01
-1.232334673404693604e-01
1.220548003911972046e-01
5.482379794120788574e-01
1.665234267711639404e-01
-5.160069465637207031e-01
6.131276488304138184e-02
1.383094191551208496e-01
9.163990616798400879e-03
-7.489040493965148926e-03
3.126745820045471191e-01
1.924359500408172607e-01
1.127726882696151733e-01
1.141786649823188782e-01
-1.734514832496643066e-01
-9.966596961021423340e-02
3.254527747631072998e-01
-3.529813587665557861e-01
6.900416314601898193e-02
1.580230742692947388e-01
4.489617049694061279e-02
-5.847857892513275146e-02
3.170032799243927002e-01
1.996612846851348877e-01
1.103684157133102417e-01
1.285769343376159668e-01
-1.795959770679473877e-01
-3.858288228511810303e-01
2.885085344314575195e-01
-4.593219459056854248e-01
1.360556930303573608e-01
1.716341078281402588e-01
2.723066806793212891e-01
-9.438723325729370117e-03
2.847912907600402832e-01
2.215854227542877197e-01
1.095533967018127441e-01
-1.691623330116271973e-01
9.703527390956878662e-02
2.974252402782440186e-01
-5.786181688308715820e-01
3.541624546051025391e-02
1.333506405353546143e-01
2.956393361091613770e-02
-2.683638036251068115e-02
2.810843288898468018e-01
1.199191585183143616e-01
1.107264757156372070e-01
-1.477850675582885742e-01
8.652128279209136963e-02
-5.696866661310195923e-02
-4.920290708541870117e-01
2.440691590309143066e-01
1.937720179557800293e-02
-5.252793431282043457e-03
2.930484116077423096e-01
2.313902378082275391e-01
1.192187964916229248e-01
1.394611299037933350e-01
1.124282018281519413e-03
-4.055436849594116211e-01
-6.487066149711608887e-01
2.348656207323074341e-01
3.250345587730407715e-03
-3.270928561687469482e-02
2.991866469383239746e-01
2.163394838571548462e-01
1.191081702709197998e-01
1.157294735312461853e-01
6.101102568209171295e-03
-6.521033048629760742e-01
2.282649874687194824e-01
1.855160295963287354e-02
-1.250828802585601807e-02
1.041505187749862671e-01
2.923124730587005615e-01
1.564648151397705078e-01
9.035103023052215576e-02
1.948782354593276978e-01
-4.446570575237274170e-02
-6.441519260406494141e-01
-1.755025982856750488e-02
-1.397342979907989502e-02
-2.728752791881561279e-02
2.005048245191574097e-01
2.011715620756149292e-02
2.578374743461608887e-01
1.088848784565925598e-01
9.277018159627914429e-02
-2.119143307209014893e-01
-9.089244902133941650e-02
-5.113099217414855957e-01
-6.804648041725158691e-02
2.369666844606399536e-01
2.522752881050109863e-01
1.568689197301864624e-01
2.729632258415222168e-01
-8.475109934806823730e-03
8.592382073402404785e-02
1.807320117950439453e-01
-9.250362962484359741e-02
-9.983257949352264404e-02
-3.795894384384155273e-01
2.553835511207580566e-02
1.454799026250839233e-01
2.099125385284423828e-01
4.393863677978515625e-02
2.327246367931365967e-01
2.570194005966186523e-02
1.101322621107101440e-01
1.892589330673217773e-01
1.134485751390457153e-01
-4.854019582271575928e-01
3.093966841697692871e-01
-7.206104695796966553e-02
9.912535548210144043e-02
2.007985115051269531e-01
4.149590432643890381e-02
2.219302356243133545e-01
1.380130648612976074e-02
-7.489010691642761230e-03
2.331015169620513916e-01
-6.501383334398269653e-02
-6.429876387119293213e-02
-4.180928468704223633e-01
3.247356414794921875e-02
2.675262093544006348e-01
2.118017226457595825e-01
1.387109607458114624e-01
-6.865286827087402344e-02
5.147181451320648193e-02
-1.545231044292449951e-02
9.761166572570800781e-02
2.480639219284057617e-01
1.046726554632186890e-01
-1.088699251413345337e-01
-3.817995190620422363e-01
9.833936393260955811e-02
1.896274834871292114e-01
-8.934755623340606689e-02
1.236355602741241455e-01
-5.375617742538452148e-02
1.966930627822875977e-01
-2.156594842672348022e-01
-6.237605959177017212e-02
4.092848300933837891e-02
1.453427672386169434e-01
2.003607153892517090e-01
-1.421708315610885620e-01
-3.469670414924621582e-01
2.943395972251892090e-01
-1.031608358025550842e-01
-1.732854545116424561e-02
1.722002327442169189e-01
6.569471955299377441e-02
-3.088183701038360596e-02
-2.991335839033126831e-02
-1.687093377113342285e-01
9.558297693729400635e-02
6.846529990434646606e-02
3.000050485134124756e-01
-2.060513198375701904e-01
-1.592392772436141968e-01
-2.729517221450805664e-01
2.185437083244323730e-01
3.744047582149505615e-01
-4.957389831542968750e-02
1.510815620422363281e-01
3.161699324846267700e-02
6.885930895805358887e-02
5.232256650924682617e-02
-1.772291064262390137e-01
9.349055588245391846e-02
4.365067183971405029e-02
-2.506100758910179138e-02
-1.706421524286270142e-01
-5.766776949167251587e-02
-2.370502054691314697e-01
3.655977547168731689e-01
3.461594879627227783e-01
-6.390334665775299072e-02
1.597257405519485474e-01
3.725223988294601440e-02
-2.160507440567016602e-02
-6.570371240377426147e-02
-1.279586255550384521e-01
-3.812175989151000977e-02
3.269350528717041016e-01
2.277059853076934814e-01
-1.121492534875869751e-01
-2.200348079204559326e-01
6.101512908935546875e-01
-1.161390393972396851e-01
9.563575685024261475e-02
-3.477632999420166016e-04
1.025152951478958130e-01
-2.211216092109680176e-02
1.112954244017601013e-01
-2.051706314086914062e-01
-8.214376866817474365e-02
3.189320266246795654e-01
1.348338872194290161e-01
-2.103329896926879883e-01
-1.517342776060104370e-02
-1.799824386835098267e-01
6.204482316970825195e-01
6.283614039421081543e-02
1.901315152645111084e-02
-1.645274460315704346e-02
-7.794037461280822754e-03
-2.153828889131546021e-01
-1.785699129104614258e-01
1.790362596511840820e-02
-6.286375969648361206e-02
-2.385177612304687500e-01
1.781162470579147339e-01
-1.511199623346328735e-01
6.477354168891906738e-01
5.068769454956054688e-01
3.247581422328948975e-02
-1.896803081035614014e-02
-5.548000335693359375e-03
-2.204953134059906006e-01
-1.920717358589172363e-01
7.684066891670227051e-03
3.958097696304321289e-01
-2.698810696601867676e-01
2.041065096855163574e-01
-1.324891895055770874e-01
5.558710694313049316e-01
2.909877896308898926e-02
1.183443069458007812e-01
3.270936757326126099e-02
6.993850320577621460e-02
-8.971493691205978394e-02
-1.825622022151947021e-01
3.419016599655151367e-01
2.533465027809143066e-01
1.460322141647338867e-01
3.144937753677368164e-01
-1.057073473930358887e-01
5.899614691734313965e-01
-1.483218520879745483e-01
9.425421804189682007e-02
-2.823854982852935791e-02
9.411227703094482422e-02
-2.103593945503234863e-01
9.991027414798736572e-02
4.196423590183258057e-01
3.009869754314422607e-01
2.482158690690994263e-01
-1.034774854779243469e-01
6.845267415046691895e-01
-4.849986732006072998e-02
9.755207598209381104e-02
1.169662922620773315e-02
2.624174207448959351e-02
-1.871207356452941895e-01
-2.856974303722381592e-02
3.876872956752777100e-01
-2.738693356513977051e-01
2.671853303909301758e-01
1.364321261644363403e-02
6.944686770439147949e-01
1.085983216762542725e-01
8.895510435104370117e-02
-3.692861646413803101e-02
-4.744835197925567627e-02
-1.731728613376617432e-01
1.232755184173583984e-02
3.815846145153045654e-01
-3.022795021533966064e-01
3.029388487339019775e-01
1.200429201126098633e-01
8.818832039833068848e-01
1.143068522214889526e-01
8.382660895586013794e-02
-3.766632080078125000e-02
-7.033716142177581787e-02
-1.458862423896789551e-01
-2.068002521991729736e-01
3.862015604972839355e-01
3.475815057754516602e-01
1.912021189928054810e-01
1.059784218668937683e-01
7.276695370674133301e-01
-4.458436369895935059e-02
8.768393844366073608e-02
2.020791172981262207e-03
-7.692968845367431641e-02
-1.154684349894523621e-01
-1.742590069770812988e-01
3.914756774902343750e-01
3.533793091773986816e-01
1.725034415721893311e-01
2.277691364288330078e-01
9.557899832725524902e-01
-2.688192725181579590e-01
8.304823189973831177e-02
2.785533666610717773e-03
-6.932549178600311279e-02
-2.940964326262474060e-02
-1.299295425415039062e-01
-6.353142857551574707e-02
-2.252266854047775269e-01
3.591978847980499268e-01
3.243316411972045898e-01
-9.494083374738693237e-02
7.667200267314910889e-02
-4.730470478534698486e-02
2.351545542478561401e-02
-1.380393207073211670e-01
-1.438457518815994263e-02
2.154442071914672852e-01
-3.203048706054687500e-01
2.215548455715179443e-01
4.497677087783813477e-01
4.357051104307174683e-02
2.940281033515930176e-01
3.222734928131103516e-01
-2.367445230484008789e-01
3.706812113523483276e-02
-1.231368854641914368e-01
-1.553683876991271973e-01
4.088851064443588257e-02
-1.736177355051040649e-01
-2.006739377975463867e-02
4.648185670375823975e-01
1.405443847179412842e-01
-2.279228717088699341e-02
1.506674289703369141e-01
-1.883909255266189575e-01
-3.606308102607727051e-01
3.241386264562606812e-02
-1.611439436674118042e-01
-1.637452691793441772e-01
5.821036919951438904e-02
-1.509236246347427368e-01
-9.895047545433044434e-02
4.723021090030670166e-01
4.688053131103515625e-01
4.327098838984966278e-03
3.521084189414978027e-01
2.136949300765991211e-01
-3.017877340316772461e-01
-1.331304609775543213e-01
-2.945059537887573242e-02
-5.030461773276329041e-02
-7.653626054525375366e-02
-1.315702795982360840e-01
-3.027385771274566650e-01
-1.425878405570983887e-01
4.423557221889495850e-01
-5.562706291675567627e-02
8.970762789249420166e-02
8.545387387275695801e-01
-1.181155443191528320e-03
3.998432308435440063e-02
1.777601987123489380e-02
-2.653763070702552795e-02
-1.471192091703414917e-01
1.141711696982383728e-01
-1.565360128879547119e-01
-8.142465353012084961e-02
4.766230583190917969e-01
3.275786042213439941e-01
7.462801411747932434e-03
3.637495636940002441e-01
-5.396361947059631348e-01
-4.062534570693969727e-01
-8.292244374752044678e-02
-1.970901936292648315e-01
-1.580699980258941650e-01
2.435590028762817383e-01
-1.135622486472129822e-01
-1.696214675903320312e-01
1.409035623073577881e-01
4.941639900207519531e-01
2.900213748216629028e-02
7.008227705955505371e-01
-3.357976675033569336e-01
-1.065298765897750854e-01
-1.348257809877395630e-01
-1.719511151313781738e-01
-1.061543747782707214e-01
4.648965597152709961e-01
-7.053796947002410889e-02
-1.857119798660278320e-01
3.593786358833312988e-01
2.421547770500183105e-01
1.440651528537273407e-02
6.990318894386291504e-01
-5.512567162513732910e-01
-4.625681340694427490e-01
-1.426279693841934204e-01
-2.039931714534759521e-01
-1.367990821599960327e-01
3.652425408363342285e-01
8.963435888290405273e-03
-1.222876906394958496e-01
2.742618918418884277e-01
4.889258742332458496e-01
-8.678721264004707336e-03
7.035285234451293945e-01
-7.506120204925537109e-01
-3.722591698169708252e-01
-1.682260781526565552e-01
-1.831915974617004395e-01
-1.263599842786788940e-01
4.370358586311340332e-01
-2.562221139669418335e-02
-2.088856995105743408e-01
-3.100010752677917480e-01
-1.648382246494293213e-01
3.516586422920227051e-01
-3.710584342479705811e-02
5.081470608711242676e-01
-6.093546152114868164e-01
-7.338450103998184204e-02
3.380854055285453796e-02
-1.183054596185684204e-01
-9.980706870555877686e-02
4.179235100746154785e-01
4.777445271611213684e-02
-1.077301800251007080e-01
-3.187691867351531982e-01
-1.227897852659225464e-01
1.184580326080322266e-01
-4.566692188382148743e-02
5.907002091407775879e-01
-6.799327135086059570e-01
-7.715571671724319458e-03
-2.217381298542022705e-01
-1.808785349130630493e-01
-1.199550554156303406e-01
3.551133275032043457e-01
1.329301595687866211e-01
-1.889995634555816650e-01
-1.134718358516693115e-01
1.852065175771713257e-01
1.894104033708572388e-01
-7.094872742891311646e-02
-3.689742684364318848e-01
-6.637049913406372070e-01
1.181153580546379089e-02
-2.072060704231262207e-01
2.666512876749038696e-02
-5.028945952653884888e-02
-8.434700220823287964e-02
3.809931874275207520e-01
-2.632775902748107910e-01
-9.950643777847290039e-02
-9.817274659872055054e-02
5.733097195625305176e-01
-7.748173177242279053e-02
-2.712993323802947998e-02
4.452148973941802979e-01
-1.927941143512725830e-01
-2.207055687904357910e-01
2.212777733802795410e-02
-8.590879291296005249e-02
-9.431905299425125122e-02
3.975753486156463623e-01
-2.523561716079711914e-01
-8.496904373168945312e-02
-1.785754412412643433e-02
5.191206932067871094e-01
-1.186694279313087463e-01
-9.625442326068878174e-03
1.920219212770462036e-01
-1.637922078371047974e-01
-1.155603379011154175e-01
-2.054319083690643311e-01
2.003083750605583191e-02
-1.037904992699623108e-02
-5.834048241376876831e-02
3.332101106643676758e-01
-1.078451275825500488e-01
-9.283500164747238159e-02
7.302553653717041016e-01
-1.054000332951545715e-01
-7.359959930181503296e-02
-4.030976295471191406e-01
-3.184337913990020752e-01
2.401813864707946777e-03
-2.144288718700408936e-01
2.365984022617340088e-03
-9.584275633096694946e-02
-8.074431121349334717e-02
3.414205908775329590e-01
-1.610590517520904541e-01
-9.905803203582763672e-02
2.169526517391204834e-01
9.071902930736541748e-02
-1.376377642154693604e-01
-7.379753887653350830e-02
-1.101991310715675354e-01
2.997559867799282074e-02
-1.329025179147720337e-01
-1.569859385490417480e-01
2.386820688843727112e-02
3.190130367875099182e-02
-4.759874939918518066e-02
4.926267638802528381e-02
-1.104626357555389404e-01
-1.407412141561508179e-01
1.158277168869972229e-01
-1.465086936950683594e-01
-8.321782946586608887e-02
-2.729965150356292725e-01
-5.386082082986831665e-02
-4.637040942907333374e-02
-1.855214089155197144e-01
2.812543883919715881e-02
7.981233298778533936e-03
-6.491324305534362793e-02
2.108034491539001465e-01
-8.491051197052001953e-02
-2.679547667503356934e-01
7.072353959083557129e-01
-1.510736793279647827e-01
-9.812837839126586914e-02
-2.424919977784156799e-02
-1.068586632609367371e-01
-1.722166985273361206e-01
-1.459942758083343506e-01
-8.134695142507553101e-02
2.593285590410232544e-02
5.314073339104652405e-02
-4.004981368780136108e-02
9.424662590026855469e-02
-8.710147440433502197e-02
-2.584451735019683838e-01
3.140582740306854248e-01
-1.496318578720092773e-01
-9.580985456705093384e-02
-1.121722459793090820e-01
1.831685751676559448e-02
-8.419445157051086426e-02
-1.300787776708602905e-01
1.553159207105636597e-03
3.907285630702972412e-02
4.838771745562553406e-02
-1.888621598482131958e-01
-1.582753211259841919e-01
-2.731652855873107910e-01
7.079904675483703613e-01
1.189821586012840271e-01
-1.440846025943756104e-01
-8.460543304681777954e-02
-2.129954099655151367e-01
-1.300732493400573730e-01
-1.010058149695396423e-01
-2.992089092731475830e-02
1.402163505554199219e-02
7.154613733291625977e-02
-3.008909896016120911e-02
1.449744999408721924e-01
-9.721485525369644165e-02
4.953241944313049316e-01
1.357765644788742065e-01
-1.782465279102325439e-01
-1.253110915422439575e-01
4.039245471358299255e-02
-2.612503618001937866e-02
-9.772630035877227783e-02
-1.105423271656036377e-02
3.663733974099159241e-02
7.755909115076065063e-02
-1.838250830769538879e-02
7.044202834367752075e-02
5.809292197227478027e-03
-4.126265645027160645e-03
7.534082978963851929e-02
-1.882621198892593384e-01
-1.065190210938453674e-01
-7.752627134323120117e-02
-1.425224542617797852e-02
-8.994314074516296387e-02
1.340172439813613892e-02
4.127690941095352173e-02
6.348729133605957031e-03
-7.354664057493209839e-02
1.422697752714157104e-01
2.692693471908569336e-02
3.149461746215820312e-02
5.473411083221435547e-01
-1.715429127216339111e-01
-1.575369983911514282e-01
-7.699316740036010742e-02
-1.117001473903656006e-02
-5.923106521368026733e-02
4.130661487579345703e-02
2.674397826194763184e-02
8.830443769693374634e-02
2.058833092451095581e-02
2.247037291526794434e-01
-5.335840582847595215e-02
-2.017498910427093506e-01
3.121988177299499512e-01
-1.517459750175476074e-01
-1.457310318946838379e-01
5.286666750907897949e-02
-6.292454898357391357e-03
-2.719832211732864380e-02
7.834014296531677246e-02
5.958154797554016113e-02
1.692648231983184814e-01
-1.089813485741615295e-01
-1.900833100080490112e-02
-5.072444677352905273e-02
5.598881244659423828e-01
-9.192331135272979736e-02
-2.047755569219589233e-01
-7.760082930326461792e-02
-6.102886423468589783e-02
-3.524570167064666748e-02
7.456149905920028687e-02
5.432046204805374146e-02
1.289631128311157227e-01
6.091257557272911072e-03
2.501962184906005859e-01
5.620400607585906982e-02
7.086087763309478760e-02
5.075528621673583984e-01
-2.038955837488174438e-01
-1.010683625936508179e-01
9.659837931394577026e-02
2.707345783710479736e-02
6.442241370677947998e-02
5.573205277323722839e-02
1.011714115738868713e-01
-1.607711464166641235e-01
1.566824465990066528e-01
4.831353202462196350e-02
2.372030615806579590e-01
7.647751271724700928e-02
-1.022448912262916565e-01
-2.080423086881637573e-01
5.467465519905090332e-02
7.049493491649627686e-03
9.754747152328491211e-04
1.338221877813339233e-01
8.913502842187881470e-02
1.464575082063674927e-01
-1.401897966861724854e-01
2.082673311233520508e-01
4.264219477772712708e-02
5.163667351007461548e-02
1.847729533910751343e-01
-2.860721945762634277e-01
-1.150469481945037842e-01
1.141159981489181519e-02
1.087705194950103760e-01
1.330717206001281738e-01
6.682674586772918701e-02
1.970218122005462646e-01
-5.392111092805862427e-02
2.392438054084777832e-01
1.377408951520919800e-01
3.250352293252944946e-02
1.987704187631607056e-01
-2.962447702884674072e-01
-8.987793326377868652e-02
1.862040162086486816e-02
1.332654953002929688e-01
1.455417275428771973e-01
7.558237761259078979e-02
1.373189240694046021e-01
-1.298108398914337158e-01
2.268511205911636353e-01
1.858369857072830200e-01
6.908677518367767334e-02
1.571936607360839844e-01
-2.901593744754791260e-01
8.593608438968658447e-02
1.139264553785324097e-02
9.510673582553863525e-02
1.935239881277084351e-01
7.780627161264419556e-02
1.126413270831108093e-01
-1.211487352848052979e-01
-9.787844866514205933e-02
3.784303963184356689e-01
3.471116349101066589e-02
3.196722567081451416e-01
-3.295098543167114258e-01
6.913147121667861938e-02
3.405064344406127930e-03
3.468220680952072144e-02
2.032139748334884644e-01
1.153489053249359131e-01
1.194700524210929871e-01
2.257435619831085205e-01
-1.141886338591575623e-01
8.025462925434112549e-02
9.620322287082672119e-02
2.824159860610961914e-01
-1.928812563419342041e-01
-1.342902779579162598e-01
3.021374344825744629e-03
8.445982635021209717e-02
1.758366823196411133e-01
1.005192250013351440e-01
1.309348195791244507e-01
1.884116828441619873e-01
-6.840204447507858276e-02
4.722880199551582336e-02
1.736467480659484863e-01
9.542983770370483398e-02
-5.016498267650604248e-02
-1.911795288324356079e-01
1.198815330862998962e-01
3.909450024366378784e-02
2.377870827913284302e-01
1.501725912094116211e-01
1.585817188024520874e-01
1.421228200197219849e-01
1.590810269117355347e-01
-5.916662886738777161e-02
2.780735492706298828e-01
9.264389425516128540e-02
3.295763209462165833e-02
-3.354283571243286133e-01
1.350081712007522583e-01
3.748942166566848755e-02
2.469730526208877563e-01
1.211753115057945251e-01
1.593785732984542847e-01
1.704164743423461914e-01
1.715801358222961426e-01
-7.055887579917907715e-02
1.032305061817169189e-01
3.044113516807556152e-02
3.262636661529541016e-01
-1.691271960735321045e-01
-1.154032945632934570e-01
4.021800309419631958e-02
1.536963433027267456e-01
2.147906273603439331e-01
1.207807436585426331e-01
1.300572603940963745e-01
2.008787989616394043e-01
-2.927638590335845947e-02
1.326605975627899170e-01
1.454457044601440430e-01
1.930918544530868530e-01
3.556758165359497070e-04
-3.817733526229858398e-01
-1.110159456729888916e-01
3.918147459626197815e-02
1.294031590223312378e-01
2.231184244155883789e-01
1.153903678059577942e-01
1.749809533357620239e-01
1.937337070703506470e-01
-7.544853538274765015e-02
1.162151172757148743e-01
2.957479059696197510e-01
2.500496208667755127e-01
-5.855845287442207336e-02
-4.104902148246765137e-01
1.302139759063720703e-01
5.704252421855926514e-02
2.401378899812698364e-01
1.196202859282493591e-01
1.330372095108032227e-01
2.009098231792449951e-01
-6.151937320828437805e-02
8.744181692600250244e-02
8.840645849704742432e-02
2.693935036659240723e-01
-6.138079240918159485e-02
-4.391387403011322021e-01
1.359958946704864502e-01
6.484173983335494995e-02
2.589392066001892090e-01
1.105400621891021729e-01
1.199512779712677002e-01
1.846449077129364014e-01
-4.836268723011016846e-02
1.857233196496963501e-01
1.159333139657974243e-01
2.650033533573150635e-01
-5.869569256901741028e-02
-3.256579637527465820e-01
1.874711066484451294e-01
1.244162991642951965e-01
1.484184861183166504e-01
1.010413318872451782e-01
2.355762273073196411e-01
1.525152921676635742e-01
-8.300783485174179077e-02
1.458716094493865967e-01
9.750501066446304321e-02
2.894108295440673828e-01
1.195903345942497253e-01
-4.327510595321655273e-01
1.189399883151054382e-01
2.226594984531402588e-01
1.610557734966278076e-01
9.639126807451248169e-02
2.468693256378173828e-01
5.457895249128341675e-02
1.674574911594390869e-01
8.840057998895645142e-02
5.963379889726638794e-02
2.899149060249328613e-01
-3.947439193725585938e-01
-3.371840417385101318e-01
-9.081773459911346436e-04
1.679060459136962891e-01
1.313933879137039185e-01
1.224514842033386230e-01
2.307281941175460815e-01
3.554197773337364197e-02
1.894203424453735352e-01
7.057850062847137451e-02
6.730186194181442261e-02
1.523795127868652344e-01
7.259574532508850098e-02
-3.273740112781524658e-01
7.577127963304519653e-02
2.559902667999267578e-01
1.209084540605545044e-01
2.224060893058776855e-01
1.074063181877136230e-01
-1.700390130281448364e-02
1.676967144012451172e-01
9.750797599554061890e-02
7.183268666267395020e-03
-1.331527233123779297e-01
-3.934434652328491211e-01
1.627263277769088745e-01
1.468531787395477295e-01
1.197466254234313965e-01
1.054875254631042480e-01
2.746043205261230469e-01
-1.794233918190002441e-03
2.091652601957321167e-01
2.199120372533798218e-01
1.048262268304824829e-01
2.442508935928344727e-01
1.710134446620941162e-01
-3.574981391429901123e-01
9.229016304016113281e-02
2.113116532564163208e-01
1.131135821342468262e-01
2.375670075416564941e-01
-3.994686901569366455e-02
1.790079921483993530e-01
1.014584302902221680e-01
3.192323446273803711e-02
2.213804274797439575e-01
-2.408553957939147949e-01
-4.193131029605865479e-01
-2.377381175756454468e-02
1.829890310764312744e-01
1.276176869869232178e-01
2.451558113098144531e-01
3.383123502135276794e-02
-6.883218884468078613e-03
1.446163505315780640e-01
1.056580990552902222e-01
1.009690910577774048e-01
2.010979354381561279e-01
-3.504423797130584717e-01
1.412572562694549561e-01
9.300262480974197388e-02
5.641881749033927917e-02
1.947282701730728149e-01
-5.330144613981246948e-02
9.763678908348083496e-02
8.666992187500000000e-02
3.988793492317199707e-02
-3.258669376373291016e-01
-3.949820697307586670e-01
9.545512497425079346e-02
1.772258281707763672e-01
1.452186405658721924e-01
3.160993382334709167e-02
1.097989454865455627e-02
3.499634563922882080e-03
1.458223015069961548e-01
-1.400226354598999023e-02
-2.436888217926025391e-01
-4.144559502601623535e-01
4.950408637523651123e-02
1.298759281635284424e-01
1.573846116662025452e-02
2.700751423835754395e-01
-3.982838243246078491e-03
4.296541959047317505e-02
6.782653927803039551e-02
1.803154051303863525e-01
-1.028759256005287170e-01
-3.285159170627593994e-01
1.657796949148178101e-01
6.471160054206848145e-02
1.273334026336669922e-02
1.310209631919860840e-01
-8.502014726400375366e-02
-4.102426767349243164e-02
6.093844771385192871e-02
1.638363599777221680e-01
2.400583326816558838e-01
-3.332351446151733398e-01
1.532212197780609131e-01
2.199381440877914429e-01
-1.714031025767326355e-02
1.477291285991668701e-01
-6.980881094932556152e-03
-8.697453141212463379e-02
1.177438497543334961e-01
1.409807801246643066e-02
-3.199010789394378662e-01
1.781851947307586670e-01
9.953234344720840454e-02
1.089623793959617615e-01
-5.442761257290840149e-02
-4.152575880289077759e-02
6.535224616527557373e-02
1.755331009626388550e-01
5.781209468841552734e-02
1.463091224431991577e-01
-3.526361584663391113e-01
-4.805628955364227295e-02
6.048884987831115723e-02
-1.225333362817764282e-01
2.490146160125732422e-01
-4.873627424240112305e-02
-3.774709999561309814e-02
6.235623359680175781e-02
7.499128580093383789e-02
2.122495323419570923e-01
2.034422457218170166e-01
9.613656997680664062e-02
7.812464237213134766e-02
-1.039530932903289795e-01
6.346608698368072510e-02
-7.490280270576477051e-02
1.083701848983764648e-02
1.140109002590179443e-01
-1.233911514282226562e-02
1.466868519783020020e-01
1.329464912414550781e-01
6.903822720050811768e-02
6.114458665251731873e-02
1.042952314019203186e-01
1.448838412761688232e-01
-4.805895313620567322e-02
7.847175747156143188e-02
1.236043125391006470e-01
6.828020513057708740e-02
7.634016871452331543e-02
-3.532417714595794678e-01
8.713455498218536377e-02
5.693746358156204224e-02
2.008987665176391602e-01
-9.227237105369567871e-02
-2.407048344612121582e-01
-6.147734820842742920e-02
-6.691470742225646973e-03
9.836085140705108643e-02
5.081604421138763428e-02
2.304806411266326904e-01
1.321258544921875000e-01
6.065777689218521118e-02
1.064608842134475708e-01
-2.549070715904235840e-01
4.965075850486755371e-02
-5.103050917387008667e-02
3.518199175596237183e-02
7.948097586631774902e-02
1.607212424278259277e-01
5.456764996051788330e-02
-2.817964255809783936e-01
6.482892483472824097e-02
5.513678863644599915e-02
1.657234430313110352e-01
-5.348559468984603882e-02
-3.544280230998992920e-01
-4.789013415575027466e-02
5.439986288547515869e-02
1.263324469327926636e-01
-3.240855038166046143e-02
-2.760404944419860840e-01
-2.873939275741577148e-01
5.676186084747314453e-02
5.645579099655151367e-02
-2.280778437852859497e-02
-1.169642880558967590e-01
-3.545953035354614258e-01
7.551597803831100464e-02
1.366816461086273193e-01
8.713909983634948730e-02
-8.077889680862426758e-03
-2.024690210819244385e-01
-2.754753530025482178e-01
5.407844111323356628e-02
5.865341797471046448e-02
-7.509870082139968872e-02
-2.000102996826171875e-01
-4.247058182954788208e-02
1.568228006362915039e-03
1.628302037715911865e-01
1.546853035688400269e-01
-1.967152953147888184e-02
1.861398220062255859e-01
1.270656287670135498e-01
5.699469894170761108e-02
1.240894645452499390e-01
-2.585885673761367798e-02
-2.878905832767486572e-02
5.025733262300491333e-02
1.923478841781616211e-01
1.513529270887374878e-01
-1.686279475688934326e-02
1.030494272708892822e-01
9.521636366844177246e-02
5.828002095222473145e-02
8.234590291976928711e-03
-6.449052691459655762e-02
-2.735117822885513306e-02
2.927736937999725342e-02
1.936436444520950317e-01
-3.844441473484039307e-02
-1.003322005271911621e-01
-2.379873022437095642e-02
-1.535921543836593628e-02
7.986036688089370728e-02
-2.123165875673294067e-01
-2.090293020009994507e-01
2.793192863464355469e-03
2.173502743244171143e-02
1.284219324588775635e-01
-3.341773152351379395e-02
1.324092745780944824e-01
8.507004380226135254e-02
5.266452580690383911e-02
1.198232918977737427e-02
-8.028391003608703613e-02
-1.522044837474822998e-02
4.501813650131225586e-02
1.109438762068748474e-01
-3.844290971755981445e-03
-1.485063433647155762e-01
8.956025540828704834e-02
4.446457326412200928e-02
1.495911180973052979e-02
-1.247172504663467407e-01
-9.701848030090332031e-03
5.348731577396392822e-02
9.612616896629333496e-02
-1.397405564785003662e-02
-1.177514046430587769e-01
6.136377155780792236e-02
4.406606778502464294e-02
-8.600449562072753906e-02
-3.748126327991485596e-02
2.223052084445953369e-03
5.765783786773681641e-02
1.091447472572326660e-01
-2.213545516133308411e-02
-1.027545779943466187e-01
6.881352514028549194e-02
3.894241526722908020e-02
-1.522165685892105103e-01
-2.412808500230312347e-02
5.285084247589111328e-03
7.007369399070739746e-02
1.136831045150756836e-01
-3.541494905948638916e-02
-4.581347852945327759e-02
-1.206588670611381531e-01
3.701402246952056885e-02
-1.350632458925247192e-01
1.513985544443130493e-02
-2.193152904510498047e-03
4.955550283193588257e-02
1.101947873830795288e-01
1.585512906312942505e-01
1.959362626075744629e-02
-1.427417397499084473e-01
5.454404652118682861e-02
3.595939651131629944e-02
-3.316422700881958008e-01
-3.426737338304519653e-02
4.441918432712554932e-02
4.129181802272796631e-02
1.444258838891983032e-01
-3.381533920764923096e-02
-7.514480501413345337e-03
-1.790151186287403107e-02
-8.294262737035751343e-02
1.952157355844974518e-02
-3.133618831634521484e-01
5.670309066772460938e-03
4.314580559730529785e-02
3.858624398708343506e-02
1.622213721275329590e-01
1.986729651689529419e-01
1.226999610662460327e-02
6.612309254705905914e-03
-5.339426919817924500e-02
9.999560192227363586e-03
-2.449324876070022583e-01
2.261599898338317871e-02
5.965959280729293823e-03
3.206381574273109436e-02
1.606514155864715576e-01
-3.392259776592254639e-02
-5.253872275352478027e-02
-6.736452132463455200e-02
2.299580723047256470e-02
-2.183687984943389893e-01
4.191427677869796753e-02
-7.344260066747665405e-02
3.836344927549362183e-02
7.293725013732910156e-02
1.891959309577941895e-01
3.332016617059707642e-02
-1.393669694662094116e-01
2.144895493984222412e-03
-2.664033509790897369e-02
-1.030451059341430664e-01
3.736381232738494873e-02
2.310244552791118622e-02
3.329510986804962158e-02
2.248603850603103638e-01
-3.087103366851806641e-02
-1.213388442993164062e-01
4.564533382654190063e-02
1.532839145511388779e-02
-1.539938002824783325e-01
5.349153280258178711e-02
5.321332812309265137e-02
2.526672929525375366e-02
1.582622230052947998e-01
2.571914792060852051e-01
1.528062671422958374e-02
-2.653521019965410233e-03
-7.360269781202077866e-03
-1.846047490835189819e-01
-9.303326904773712158e-02
4.846043884754180908e-02
1.267683878540992737e-02
-7.730387151241302490e-03
2.723548710346221924e-01
1.513413339853286743e-02
-1.532054319977760315e-02
6.852930877357721329e-03
-1.387787461280822754e-01
3.760488703846931458e-02
1.730886846780776978e-02
5.455246567726135254e-02
2.408258020877838135e-01
8.972145617008209229e-03
-1.327820271253585815e-01
3.086715377867221832e-02
-8.014535903930664062e-02
1.609775796532630920e-02
6.865018606185913086e-02
3.261914849281311035e-02
1.247554868459701538e-01
-1.579225808382034302e-02
-8.851686865091323853e-02
-1.215900294482707977e-03
-1.631211861968040466e-02
1.241400465369224548e-02
6.718027591705322266e-02
4.193868488073348999e-03
1.622856855392456055e-01
3.023459613323211670e-01
2.058480679988861084e-02
-8.380187302827835083e-02
-7.831245660781860352e-02
-4.869634658098220825e-02
6.060354411602020264e-02
-1.377463340759277344e-03
1.850989311933517456e-01
2.338592857122421265e-01
-8.965846151113510132e-03
-7.216390967369079590e-02
-2.619128115475177765e-02
-5.996201932430267334e-02
5.001398921012878418e-02
-5.670301616191864014e-03
5.497678369283676147e-02
3.055199682712554932e-01
-2.405196428298950195e-04
-1.235195100307464600e-01
1.384854130446910858e-02
-4.827887564897537231e-02
6.014145910739898682e-03
3.970895335078239441e-02
4.130953177809715271e-02
8.277867734432220459e-02
-3.296698257327079773e-02
-1.187926530838012695e-01
1.019865274429321289e-02
-1.707288064062595367e-02
1.795803755521774292e-02
-1.490791141986846924e-02
7.253728806972503662e-02
9.186396002769470215e-02
-2.254872769117355347e-02
-1.048739701509475708e-01
-7.492080330848693848e-04
-3.972240909934043884e-02
8.611820638179779053e-03
-1.641760766506195068e-02
7.157257944345474243e-02
1.209885627031326294e-02
1.805915087461471558e-01
-2.250965684652328491e-02
3.537964075803756714e-04
-2.845439314842224121e-02
-2.873244881629943848e-02
-2.678488940000534058e-02
1.621644645929336548e-01
9.912975132465362549e-02
2.162157595157623291e-01
-9.282850474119186401e-02
-2.511745691299438477e-02
-9.574495255947113037e-03
-3.311097621917724609e-03
2.687012553215026855e-01
8.582261949777603149e-02
1.524743884801864624e-01
-8.116377145051956177e-02
-2.271883934736251831e-02
-2.357245981693267822e-02
-3.663439303636550903e-02
1.614926308393478394e-01
2.173606157302856445e-01
-7.347720116376876831e-02
-4.559033736586570740e-02
-3.083465248346328735e-02
-2.790108323097229004e-02
3.132885694503784180e-01
8.349305391311645508e-02
-3.292176127433776855e-02
-6.491456180810928345e-02
-1.616039313375949860e-02
-1.714213564991950989e-02
-2.684764564037322998e-02
2.283144742250442505e-01
3.172650933265686035e-01
-8.801225572824478149e-02
-2.230217866599559784e-02
-2.918453887104988098e-02
-5.034857243299484253e-02
1.278471201658248901e-01
5.937094613909721375e-02
-8.825352787971496582e-02
-4.956708103418350220e-02
-4.414507746696472168e-02
-6.588513404130935669e-02
-3.282465040683746338e-04
-1.097776740789413452e-02
9.103598445653915405e-02
-3.625290095806121826e-02
-2.724266424775123596e-02
-4.813326895236968994e-02
-2.157022058963775635e-02
-3.086748346686363220e-02
1.029261499643325806e-01
-3.307798877358436584e-02
-2.961415052413940430e-02
-5.279105901718139648e-02
-2.227248996496200562e-02
3.635550141334533691e-01
1.963143348693847656e-01
-6.752954423427581787e-02
-4.414739459753036499e-02
-3.254709765315055847e-02
-7.766098529100418091e-02
4.037686884403228760e-01
2.531117796897888184e-01
-8.916363120079040527e-02
-4.608717560768127441e-02
-1.892648823559284210e-02
-8.783188462257385254e-02
2.980194985866546631e-03
-1.069609671831130981e-01
-1.396736651659011841e-01
-1.551946997642517090e-02
-5.218874663114547729e-02
-4.139114171266555786e-02
-6.766962260007858276e-02
3.880496025085449219e-01
-5.197841674089431763e-02
-1.331922113895416260e-01
-2.936341427266597748e-02
-6.278593838214874268e-02
-9.832230955362319946e-02
-7.658413052558898926e-02
2.770960927009582520e-01
-7.810984551906585693e-02
-1.405399590730667114e-01
-3.268948942422866821e-02
-6.743018329143524170e-02
-7.704136520624160767e-02
-9.771066904067993164e-02
-1.423166692256927490e-02
4.108382463455200195e-01
1.590426415205001831e-01
3.197968006134033203e-03
-4.083542898297309875e-02
-5.571136996150016785e-02
-1.043889820575714111e-01
1.864982396364212036e-02
4.091445803642272949e-01
2.640664577484130859e-01
-1.450868397951126099e-01
-3.339465707540512085e-02
-3.806021437048912048e-02
-1.042099893093109131e-01
-2.734945714473724365e-02
4.423092007637023926e-01
3.313856124877929688e-01
-1.793001741170883179e-01
2.118673920631408691e-02
-8.553855866193771362e-02
-1.030340194702148438e-01
-1.812370866537094116e-02
2.498663067817687988e-01
1.597678512334823608e-01
-4.602297395467758179e-02
2.444466203451156616e-02
-8.761319518089294434e-02
-1.035283952951431274e-01
-3.889180347323417664e-02
3.945194482803344727e-01
3.064827620983123779e-01
-1.475502401590347290e-01
-7.819227874279022217e-03
5.148829147219657898e-02
-8.819640427827835083e-02
5.980776250362396240e-02
4.462693333625793457e-01
-2.002594321966171265e-01
-1.098518073558807373e-02
-8.285257965326309204e-02
-1.008129417896270752e-01
5.125374346971511841e-02
4.326405525207519531e-01
2.072230875492095947e-01
-1.356686055660247803e-01
-3.281792253255844116e-02
-9.302876144647598267e-02
1.175062358379364014e-02
3.498429954051971436e-01
2.704737335443496704e-02
-9.072694927453994751e-02
1.944851130247116089e-02
-4.277427494525909424e-02
-2.493377029895782471e-02
2.578774094581604004e-01
5.009235739707946777e-01
-1.882563680410385132e-01
4.092080891132354736e-02
-7.896037399768829346e-02
-1.810504682362079620e-02
-1.345322653651237488e-02
5.393968224525451660e-01
-2.327197641134262085e-01
3.924991190433502197e-02
-8.704323321580886841e-02
-1.889090985059738159e-03
-1.757319271564483643e-02
4.765000939369201660e-01
-2.250552922487258911e-01
4.129809141159057617e-02
-8.239573240280151367e-02
2.422629669308662415e-02
2.792723178863525391e-01
4.302920699119567871e-01
-2.233014404773712158e-01
4.878396540880203247e-02
-7.724454998970031738e-02
4.485233128070831299e-02
2.613951563835144043e-01
4.482702314853668213e-01
-2.383821755647659302e-01
5.171520262956619263e-02
5.765583366155624390e-03
1.176496744155883789e-01
3.934494853019714355e-01
-1.043140962719917297e-01
-1.811688095331192017e-01
2.587422728538513184e-03
-3.406830132007598877e-03
4.537438042461872101e-03
5.807293057441711426e-01
-1.438199877738952637e-01
3.564947843551635742e-02
-7.603609561920166016e-02
1.587893068790435791e-01
1.831221878528594971e-01
3.971948623657226562e-01
-2.424607276916503906e-01
5.619429796934127808e-02
3.951827064156532288e-02
1.511704176664352417e-04
5.307755470275878906e-01
-1.691889166831970215e-01
-4.681713879108428955e-02
-5.654936283826828003e-02
1.109407097101211548e-02
1.816510558128356934e-01
-2.266886383295059204e-01
-2.214774191379547119e-01
3.996465355157852173e-02
3.057802468538284302e-02
7.119674980640411377e-02
4.322647750377655029e-01
-9.485921263694763184e-02
8.840478956699371338e-03
-6.347823143005371094e-02
3.640705347061157227e-02
5.114391446113586426e-01
-1.379414796829223633e-01
-1.999892294406890869e-03
-6.905446946620941162e-02
5.650085955858230591e-02
4.648323059082031250e-01
-2.052632570266723633e-01
1.811874657869338989e-02
-1.658189296722412109e-02
1.450857222080230713e-01
2.422584891319274902e-01
-2.578189074993133545e-01
-5.662593618035316467e-02
9.652572870254516602e-02
3.896979093551635742e-01
-1.017049551010131836e-01
1.657299697399139404e-03
4.232905805110931396e-03
2.089685797691345215e-01
4.369425773620605469e-02
-2.576336562633514404e-01
-6.854233145713806152e-02
1.573961079120635986e-01
2.197814583778381348e-01
-2.205835878849029541e-01
-7.660394906997680664e-02
2.042583823204040527e-01
2.293699979782104492e-01
-2.365719974040985107e-01
-6.373457610607147217e-02
1.761622130870819092e-01
1.154993772506713867e-01
-2.261306941509246826e-01
-5.104938894510269165e-02
2.086445093154907227e-01
-1.178975701332092285e-01
-5.543665587902069092e-02
2.048286050558090210e-02
2.113410830497741699e-01
-1.758713573217391968e-01
-4.786518588662147522e-02
1.755291074514389038e-01
2.095628678798675537e-01
-4.231509566307067871e-02
-4.400812461972236633e-02
1.740394532680511475e-01
1.623794734477996826e-01
-5.309343338012695312e-02
-3.959875553846359253e-02
5.647077411413192749e-02
1.888407468795776367e-01
-1.543308496475219727e-01
-3.987919539213180542e-02
-2.829602360725402832e-02
1.840503513813018799e-01
1.168221831321716309e-01
-1.193258166313171387e-01
-3.522003814578056335e-02
1.206137686967849731e-01
5.431404709815979004e-02
-1.735169887542724609e-01
-5.344894528388977051e-02
1.722702383995056152e-01
1.780582368373870850e-01
-1.832110732793807983e-01
-4.422929883003234863e-02
9.614162147045135498e-02
-1.302029788494110107e-01
-1.172402650117874146e-01
-2.307243645191192627e-02
1.686350405216217041e-01
-1.320243477821350098e-01
-2.330917119979858398e-02
1.630589067935943604e-01
-1.677117496728897095e-01
-1.609101891517639160e-02
-2.119452059268951416e-01
-2.035050690174102783e-01
-8.168250322341918945e-03
-2.847169041633605957e-01
-8.995855599641799927e-02
2.648903727531433105e-01
-2.718841731548309326e-01
-4.255956411361694336e-02
1.399287581443786621e-01
-1.484663784503936768e-01
2.058321237564086914e-02
-3.042383790016174316e-01
-5.026277154684066772e-02
1.002109199762344360e-01
-2.127692699432373047e-01
2.679616212844848633e-02
-2.852263748645782471e-01
-1.498723030090332031e-02
7.016108930110931396e-02
-2.573046684265136719e-01
6.350326538085937500e-02
-2.684710919857025146e-01
-2.265065908432006836e-02
2.722391486167907715e-01
-2.378944456577301025e-01
6.870995461940765381e-02
-1.672824770212173462e-01
-1.588470637798309326e-01
1.467074453830718994e-01
-1.879005730152130127e-01
1.175888478755950928e-01
-1.811199188232421875e-01
6.737901270389556885e-02
-1.617170870304107666e-01
6.139485538005828857e-02
2.792346477508544922e-01
5.322843790054321289e-02
2.130647152662277222e-01
1.098638176918029785e-01
2.249769270420074463e-01
1.065708398818969727e-01
-6.137160211801528931e-02
1.319898366928100586e-01
1.773924380540847778e-02
1.890044957399368286e-01
1.662691235542297363e-01
4.309070482850074768e-02
1.533905565738677979e-01
8.767381310462951660e-02
1.470732986927032471e-01
1.403962969779968262e-01
1.189393550157546997e-01
1.100127249956130981e-01
1.107897982001304626e-01
8.561296761035919189e-02
7.249361276626586914e-02
1.561906188726425171e-01
8.204261213541030884e-02
1.181988716125488281e-01
9.379661828279495239e-02
-1.033261716365814209e-01
-6.618930399417877197e-02
-9.218053519725799561e-02
-9.461894631385803223e-02
-4.439678788185119629e-02
-4.135122150182723999e-02
-9.663778543472290039e-02
-1.235080361366271973e-01
-1.347976922988891602e-01
-1.223594397306442261e-01
-1.317784339189529419e-01
-1.393195390701293945e-01
-1.151253804564476013e-01
-1.139170080423355103e-01
-5.311285704374313354e-02
-2.384411916136741638e-02
-1.741817295551300049e-01
1.909773200750350952e-01
-3.169136941432952881e-01
-2.632924318313598633e-01
-2.630140781402587891e-01
-2.462753951549530029e-01
-1.437514424324035645e-01
-5.214324593544006348e-02
-3.200937509536743164e-01
-3.032543957233428955e-01
-2.506242990493774414e-01
-2.433563172817230225e-01
-1.090419441461563110e-01
-4.668727889657020569e-02
-3.003589212894439697e-01
-9.698892384767532349e-02
1.980651915073394775e-01
1.854293234646320343e-02
7.238575071096420288e-02
8.326177299022674561e-02
1.667086482048034668e-01
2.323648780584335327e-01
6.775785684585571289e-01
-6.715495139360427856e-02
-1.844432801008224487e-01
2.182535529136657715e-01
2.234306484460830688e-01
-1.132138669490814209e-01
1.708494126796722412e-01
-1.790924370288848877e-01
7.150326669216156006e-02
4.968926906585693359e-01
5.707584321498870850e-02
-4.064550995826721191e-02
-4.021054506301879883e-02
-1.727013289928436279e-01
-1.103780716657638550e-01
-4.183857515454292297e-02
1.729752123355865479e-02
1.721202582120895386e-01
-3.594417124986648560e-03
6.843794137239456177e-02
8.414857089519500732e-03
8.741873502731323242e-02
2.637264877557754517e-02
-1.519205868244171143e-01
7.540553063154220581e-02
1.165430620312690735e-01
-1.809260100126266479e-01
8.036756515502929688e-02
5.917257070541381836e-02
1.311380118131637573e-01
1.602540165185928345e-01
2.027738690376281738e-01
-4.163095951080322266e-01
-1.173066794872283936e-01
1.410730183124542236e-02
-1.179658919572830200e-01
-4.519956558942794800e-02
-3.541846573352813721e-02
4.958096146583557129e-02
2.859932184219360352e-02
-7.288322318345308304e-03
-7.734876871109008789e-02
9.016613662242889404e-02
1.564245522022247314e-01
1.898465603590011597e-01
6.411969661712646484e-02
-1.052172854542732239e-03
1.057237945497035980e-02
1.753871887922286987e-01
8.628313243389129639e-02
-6.827322393655776978e-02
-1.414794176816940308e-01
-8.922680467367172241e-02
1.021024584770202637e-01
-1.210905835032463074e-01
-1.846564561128616333e-01
-1.000754460692405701e-01
-4.299012199044227600e-02
-7.846252620220184326e-02
-8.820402622222900391e-02
-9.372359514236450195e-02
-7.131411880254745483e-02
-6.950990110635757446e-02
-8.492403477430343628e-02
-8.530145138502120972e-02
-7.464899867773056030e-02
-8.380906283855438232e-02
-8.642703294754028320e-02
-9.229075163602828979e-02
-4.305448755621910095e-02
-4.088235646486282349e-02
-4.061986505985260010e-02
-3.729477524757385254e-02
-1.034706607460975647e-01
-1.053331047296524048e-01
-1.129720285534858704e-01
-1.190392673015594482e-01
-1.337357014417648315e-01
-1.342874914407730103e-01
-1.284560859203338623e-01
-1.321558803319931030e-01
-1.273139119148254395e-01
-1.280062645673751831e-01
-1.308749616146087646e-01
-1.319352686405181885e-01
-1.388715356588363647e-01
-1.439544558525085449e-01
-1.453329473733901978e-01
-1.175781562924385071e-01
-1.090456396341323853e-01
-1.170170605182647705e-01
-1.079588383436203003e-01
-5.403821170330047607e-02
-4.179539158940315247e-02
-4.355583339929580688e-02
-3.570301830768585205e-02
-1.492709070444107056e-01
-1.605019271373748779e-01
-1.776106357574462891e-01
-1.981561183929443359e-01
1.535058617591857910e-01
-4.383167251944541931e-03
1.479118168354034424e-01
-2.687264084815979004e-01
-2.515214681625366211e-01
-2.624607384204864502e-01
-2.601722776889801025e-01
-2.598376274108886719e-01
-2.595831751823425293e-01
-2.432313859462738037e-01
-2.332319170236587524e-01
-9.422267973423004150e-02
-1.066483482718467712e-01
-5.981807410717010498e-02
-4.976031929254531860e-02
-1.574084162712097168e-01
-3.001668453216552734e-01
-3.062189817428588867e-01
-4.032339751720428467e-01
-3.263899087905883789e-01
-3.296338319778442383e-01
-2.161109298467636108e-01
-1.915227174758911133e-01
-2.668950259685516357e-01
-2.522850036621093750e-01
-2.288008332252502441e-01
-2.031487524509429932e-01
-5.402772873640060425e-02
-8.609846234321594238e-02
3.652412444353103638e-02
-2.474952489137649536e-04
-2.295315712690353394e-01
-2.739294767379760742e-01
-2.227188646793365479e-01
-1.239484399557113647e-01
4.045987129211425781e-02
1.674565374851226807e-01
1.584451496601104736e-01
2.350060828030109406e-02
3.765761852264404297e-02
6.190330535173416138e-02
6.429612636566162109e-02
7.550218701362609863e-02
7.437139004468917847e-02
7.903663069009780884e-02
8.018977940082550049e-02
1.793167591094970703e-01
1.964793056249618530e-01
1.817489117383956909e-01
2.055024951696395874e-01
5.852307081222534180e-01
6.426040530204772949e-01
3.682948946952819824e-01
3.589439690113067627e-01
4.236446917057037354e-01
4.043788611888885498e-01
2.364002913236618042e-02
-1.622363030910491943e-01
1.938744485378265381e-01
2.205767184495925903e-01
1.833632588386535645e-01
1.493604779243469238e-01
-8.931507915258407593e-02
-1.183997541666030884e-01
-1.159687787294387817e-01
2.273931950330734253e-01
4.485593736171722412e-02
1.718949079513549805e-01
5.169065296649932861e-02
1.471344083547592163e-01
2.159606814384460449e-01
2.687570452690124512e-01
4.013028740882873535e-01
1.208944916725158691e-01
1.142441406846046448e-01
7.441682368516921997e-02
6.355687975883483887e-02
-5.795119702816009521e-02
-5.753006041049957275e-02
-6.770184636116027832e-02
-4.687596857547760010e-02
-1.210368722677230835e-01
5.039469897747039795e-02
7.197386771440505981e-02
4.731678962707519531e-02
-3.633928298950195312e-02
-3.190767392516136169e-02
-4.237293452024459839e-02
7.525353878736495972e-02
1.969056576490402222e-01
1.323448717594146729e-01
1.558045893907546997e-01
-9.774732589721679688e-02
-4.857105016708374023e-02
-1.489205472171306610e-02
2.927105501294136047e-02
5.293717235326766968e-02
5.452528595924377441e-02
4.676930606365203857e-02
3.785710781812667847e-02
2.114981412887573242e-02
7.329162955284118652e-02
-4.179491102695465088e-02
-3.468656167387962341e-02
2.331145107746124268e-02
-7.816121727228164673e-02
-7.595367729663848877e-02
-6.667660921812057495e-02
9.010979533195495605e-02
1.018412113189697266e-01
1.228925883769989014e-01
1.182067319750785828e-01
-8.020097017288208008e-02
-4.156105220317840576e-02
-8.673238754272460938e-02
8.051601797342300415e-02
7.068590819835662842e-02
6.708066165447235107e-02
7.380608469247817993e-02
1.247882321476936340e-01
1.326261907815933228e-01
1.909517943859100342e-01
1.213809400796890259e-01
2.969142496585845947e-01
2.986405193805694580e-01
1.861572563648223877e-01
2.344167530536651611e-01
-4.189209342002868652e-01
-2.410665601491928101e-01
-2.631424963474273682e-01
-1.372128725051879883e-01
-1.221930906176567078e-01
3.423683345317840576e-02
-1.977558732032775879e-01
-2.174224704504013062e-01
-8.239527046680450439e-02
-7.439182698726654053e-02
-5.675224959850311279e-02
-4.782317206263542175e-02
-9.217473864555358887e-02
-9.894581139087677002e-02
-1.006819978356361389e-01
7.401695847511291504e-02
-7.783919572830200195e-02
5.512741208076477051e-02
-1.507399380207061768e-01
1.384744420647621155e-03
-9.298078715801239014e-03
-2.205304242670536041e-02
-3.977659344673156738e-02
8.842428028583526611e-02
8.420119434595108032e-02
1.102225556969642639e-01
1.010856330394744873e-01
1.062407195568084717e-01
1.470863223075866699e-01
1.575007140636444092e-01
1.825372725725173950e-01
9.970165789127349854e-02
7.941246032714843750e-02
9.483130276203155518e-02
1.357281506061553955e-01
4.426400363445281982e-02
4.207357764244079590e-02
1.593001000583171844e-02
1.581549048423767090e-01
1.697951257228851318e-01
1.085294187068939209e-01
9.616305679082870483e-02
-1.725637167692184448e-02
-4.848506674170494080e-02
1.722300052642822266e-02
3.346978127956390381e-02
-1.113552674651145935e-01
-8.802623301744461060e-02
-1.433424502611160278e-01
-1.432258486747741699e-01
5.171537399291992188e-02
5.568590760231018066e-02
2.256518602371215820e-02
-1.281093657016754150e-01
-1.086094453930854797e-01
-1.584776490926742554e-01
-1.285506337881088257e-01
-1.070115491747856140e-01
-6.079364567995071411e-02
-6.937116384506225586e-02
-7.165098935365676880e-02
-4.818460717797279358e-02
